0.0011533784862944874,2.6544750304903978e-11
0.0016907840994357937,1.2258684812849016e-10
0.002430436378496048,5.233934546297088e-10
0.003616679737545647,2.5664421020033044e-09
0.003834823465869386,3.2439396343694448e-09
0.0038942957994559935,3.4499039493910423e-09
0.00440046171802988,5.624504230777862e-09
0.005449814263350672,1.3231773678237554e-08
0.005573204077490956,1.4471416523058338e-08
0.0056806876426730435,1.562049882832174e-08
0.0061367626872183,2.127397162421896e-08
0.006682456955624527,2.9911344785623673e-08
0.007941229430034835,5.965436575370523e-08
0.008241381739429787,6.919765597069877e-08
0.008426282867797452,7.561977759117051e-08
0.008495461294190432,7.813383143361722e-08
0.00873233317204003,8.72192702006046e-08
0.009635386273569857,1.2929084628386098e-07
0.009658858615264276,1.305552963514471e-07
0.009758614580179903,1.3603288912924498e-07
0.01008708450213125,1.5529372060692563e-07
0.010615420658825703,1.904759260607515e-07
0.010845064889880573,2.0750084924921613e-07
0.011049832466472065,2.2362174532641105e-07
0.011761480903627608,2.8703793035883324e-07
0.012870111890922242,4.1154805090775777e-07
0.012969987167945063,4.244723878051055e-07
0.013652275261085811,5.210883970004997e-07
0.013846267269376655,5.513432984844768e-07
0.013847028507077086,5.514645551116441e-07
0.013946148169674433,5.67424859344966e-07
0.014025061806377415,5.803772679812018e-07
0.014869995427079785,7.333893487701913e-07
0.015015433013139123,7.625050104080863e-07
0.015693156790246965,9.097718889657908e-07
0.01575892626121289,9.251193221170745e-07
0.015875969603790008,9.529108964924955e-07
0.01613747159208001,1.0172629357047766e-06
0.017238879405963137,1.32473003825803e-06
0.019087744319990496,1.9911762010179927e-06
0.01953209182941895,2.1831636232497756e-06
0.01980160392899888,2.306177520270986e-06
0.019886723866914036,2.346087633156829e-06
0.020224941257240503,2.50980703143051e-06
0.020997530506788986,2.9158430196255647e-06
0.0216527825984828,3.297206267573654e-06
0.02237872201261315,3.7621177150869174e-06
0.02239623734209195,3.773909654276855e-06
0.02241199059973542,3.784538962209163e-06
0.022442814995253357,3.805402260252926e-06
0.02293079318167135,4.1473201608880145e-06
0.02302019069281347,4.212373975352667e-06
0.023921732788533268,4.912038836534939e-06
0.024367705257295813,5.288710362519249e-06
0.025184419209409947,6.034190399694613e-06
0.025317253724127298,6.162509845783968e-06
0.02570055428579021,6.544269999546472e-06
0.02630050921366134,7.177081477008348e-06
0.02670129540209354,7.624661595872035e-06
0.029084201859520875,1.0732968180456552e-05
0.02910731800012678,1.0767131158327587e-05
0.029499634480044223,1.1359462414500892e-05
0.02971238834626333,1.1690726215203426e-05
0.02985581594359976,1.191809978668516e-05
0.029965521380304283,1.2094240268719235e-05
0.030576849165756537,1.3111795269234645e-05
0.030929823215416152,1.3727801329308694e-05
0.030998617300070697,1.385034285166584e-05
0.03275666914826225,1.7269913536422317e-05
0.03284281038802972,1.7452292287420492e-05
0.03308158097721425,1.7965373488007165e-05
0.03323638934727957,1.8304023946457308e-05
0.033523498259086626,1.8944735681458617e-05
0.033990703545148326,2.0023123901200007e-05
0.03523187222616553,2.3111817577078744e-05
0.03537732283926931,2.3495845087776004e-05
0.03551668826806442,2.3868276697884365e-05
0.035729396426043,2.4445218726787818e-05
0.03592983989378595,2.499840701914476e-05
0.03614334456564228,2.5597912933512715e-05
0.03630612480794215,2.6062182965543993e-05
0.036584631611743634,2.687113106424209e-05
0.0366535624839357,2.7074220893266137e-05
0.03708454457899224,2.8370239234833195e-05
0.03722173940033502,2.8792399110248165e-05
0.037581384307489474,2.9921425975001248e-05
0.03975980593513517,3.7485921952515767e-05
0.040051394465301926,3.859772747725469e-05
0.04209201653098582,4.708581299405169e-05
0.042494794137548975,4.891409890931359e-05
0.043208357064798086,5.228319762791152e-05
0.04431883822792049,5.786881372929657e-05
0.04478704383525978,6.035325447014322e-05
0.04713290880659593,7.402663857811595e-05
0.0478238631049519,7.846385830860026e-05
0.048194538939875575,8.092493379098037e-05
0.04852549621685587,8.317081666391396e-05
0.04901271379733363,8.656174690092e-05
0.049195494670835394,8.786023006846476e-05
0.05112645502291702,0.00010248815600647887
0.05114764254052662,0.00010265815159190371
0.051169220989765285,0.00010283150104828666
0.051412817209407824,0.00010480368551629593
0.051663567069745064,0.00010686327824737284
0.05186647391495203,0.00010855199985945703
0.052213830464161726,0.00011148928769826377
0.05258799261235558,0.000114719509838562
0.05263880502420726,0.00011516353690845257
0.05320402633790833,0.00012019015296202498
0.05347865161741727,0.00012269099082371583
0.05387536476944821,0.00012637226202308878
0.053893084597538055,0.00012653860129403685
0.05431570429486454,0.0001305546995110577
0.05451960104894504,0.0001325261304469822
0.0545388594323003,0.0001327134824110495
0.05544185232219412,0.00014172345488638636
0.056146681766847784,0.0001490689367112974
0.05621665834265677,0.00014981347484573535
0.05630633676169383,0.00015077171029147097
0.05652699931604743,0.00015314911290159727
0.056726669580160594,0.00015532447575340619
0.05675477372417137,0.00015563251429241308
0.056956164860391456,0.0001578533096938905
0.057350422490972996,0.00016226961533860813
0.05735377913232742,0.00016230760828468487
0.05829353321201758,0.00017320969239227986
0.05976489809759733,0.00019137064919602396
0.06126490000289153,0.0002113184542900227
0.06141013855427868,0.00021332944791285045
0.061470076523253314,0.00021416352764244505
0.06190488859667542,0.00022028770324506198
0.06193740639692791,0.00022075092361383664
0.06196881674060495,0.00022119906138871762
0.06249161401802705,0.00022875858309565357
0.06259816486005154,0.00023032274631184027
0.06312907709321514,0.0002382364172336592
0.06334600815771507,0.0002415279429645292
0.06503201720156171,0.00026828670424445313
0.0657047747062528,0.0002795618574783084
0.06624241971498035,0.0002888250807144864
0.06642805764345472,0.00029207632193291186
0.06683482276535235,0.00029929626940824235
0.06753322320647648,0.0003120038487520304
0.06817639563135847,0.0003240605226575047
0.0682671396072505,0.00032578928487071046
0.06838384857346802,0.0003280228633785123
0.0684882114532609,0.00033002987112128483
0.07080823409726944,0.00037707241910947775
0.0708714596386738,0.0003784209883463824
0.07230038629411717,0.00040987555131067254
0.0723792701737086,0.00041166726325588443
0.0728267230980173,0.0004219418040542736
0.07300073898367931,0.0004259890975880675
0.07450873160026583,0.00046229366851471224
0.07466977565875677,0.00046630345026976114
0.07574394434927245,0.0004937200476427183
0.076886380067261,0.0005241874050724183
0.07704747853826155,0.0005285944791076575
0.077295308376648,0.0005354283951857944
0.07846516525250447,0.0005685861158308975
0.07887574283130905,0.0005805805155407621
0.07896983220851095,0.0005833557089926929
0.07935404001434165,0.0005947914191271017
0.08001372930878758,0.0006148178402022081
0.0800866252756276,0.0006170613879213107
0.08027394839661084,0.0006228548686687588
0.08057321851793564,0.0006321951465826947
0.08170285995595594,0.0006684010643051817
0.0839761702303039,0.0007459537300261197
0.0844719762078262,0.0007637269947777869
0.0866633027268493,0.000846112198977189
0.08682602921420823,0.0008524849744928048
0.08690402268252062,0.0008555521227361152
0.08764793061711107,0.0008852245165161916
0.08791402488324973,0.0008960233991240212
0.08791436401582975,0.0008960372248359565
0.08836086984141045,0.0009143795624440138
0.0887825498466196,0.000931959250006793
0.08893341868401428,0.0009383100677850458
0.08921688516982385,0.000950330299104036
0.08935948997232801,0.0009564208504689246
0.08990083982309405,0.00097980838882901
0.09033480199763622,0.000998864140016848
0.09036085637977787,0.0010000169917040876
0.09050947421263333,0.0010066121110035165
0.09078898941869773,0.0010191042884190246
0.09106945131794575,0.0010317552753676597
0.09113112407669288,0.0010345529142690988
0.09216245761394448,0.0010821854045745777
0.09348681675353676,0.001145741239851738
0.09465017742752824,0.0012038444933448486
0.09590922152920522,0.0012691871722259021
0.09600407992536741,0.0012742156493349116
0.09626686530757089,0.0012882240390010864
0.09778074336657727,0.0013711874623217103
0.09829703149338431,0.0014003767716865454
0.0996420345093123,0.001478608073877045
0.10084832645695485,0.0015515185806202509
0.10095265629370986,0.0015579487038854909
0.10260028147272349,0.0016621705848783067
0.10288218168242613,0.0016805131215202871
0.10438995806836693,0.0017812110644917375
0.10468172991153091,0.0018012081529555726
0.10534289289000875,0.0018471448510441744
0.10540458649659867,0.0018514756022710405
0.10604183034162773,0.0018966555819559501
0.10610237651281917,0.0019009908431727922
0.10612811691264212,0.0019028361713502879
0.10613807183445734,0.0019035501993887594
0.10635029975078625,0.0019188203476943532
0.10688710789646028,0.001957854645202898
0.10689723608029178,0.0019585967978809674
0.10798187209232701,0.002039303749199143
0.10912200574008535,0.0021268025863685736
0.10955394493524839,0.0021606759326483036
0.10956194514218687,0.0021613071126887267
0.11033917363012757,0.0022232892157662827
0.11036958144841014,0.0022257409490932085
0.11054764950882834,0.0022401390167383368
0.11133772528684349,0.0023048664966303775
0.11168640051898093,0.002333873660011954
0.11212145719067612,0.002370450015667212
0.11216388325577298,0.002374039747743532
0.11275454418532249,0.0024244411316647328
0.11276818426508883,0.0024256144436228385
0.11299029602767285,0.0024447803624583386
0.11303322489837475,0.0024484977310391507
0.1131012641457515,0.002454398180576932
0.11338228384527571,0.0024788816117676162
0.11339921034135503,0.0024803621326346392
0.11348207360895135,0.002487619559605383
0.1135223312782222,0.0024911511956670364
0.113984386328012,0.0025319551472657445
0.1143404107956495,0.002563735850786324
0.11441535742662634,0.002570463933608592
0.11481431511171714,0.0026065021475783785
0.11534245054712233,0.002654790306777865
0.1153676637649037,0.0026571122389365868
0.11538526473819821,0.0026587340477523588
0.11544173942581415,0.002663942814985481
0.11622800260200838,0.0027372592578814112
0.11627339704104966,0.0027415378329316417
0.11684673517452637,0.002796009668383923
0.11689427935727958,0.002800562911396508
0.11731188298187434,0.002840795577969455
0.11818722871199117,0.002926533007070692
0.1197212010301707,0.00308144311873385
0.11975227388168996,0.0030846432406814424
0.12005572262806574,0.0031160259078311684
0.12008225831068353,0.0031187815658855595
0.12035356638081562,0.0031470611478898926
0.12063639066136211,0.0031767453747392313
0.1218483701859836,0.0033063347910052706
0.12211094628436425,0.0033349249389488444
0.12232175218239782,0.0033580120163365784
0.12234908794848864,0.003361014534242818
0.12349202794873848,0.0034883656584855536
0.12353663511970447,0.0034934082271360157
0.12354651082045642,0.0034945253535175057
0.1238538480787219,0.003529425039143427
0.1239296614146338,0.003538074062379055
0.12475405623833136,0.003633153203555876
0.12658692881272438,0.0038513986952664315
0.12742088977937716,0.0039538903103085886
0.1274338595852068,0.003955500241327538
0.12773975773668123,0.0039936138414641
0.12787029372258274,0.004009961620909879
0.12801552564086172,0.004028208774586077
0.12835015196184274,0.0040704886900054076
0.1283623758167748,0.004072039442711253
0.1294892671079969,0.004216913846192587
0.13124873905734036,0.00445079906536938
0.132057576927599,0.004561520922815076
0.13265327019896,0.004644376545168074
0.13270377725202154,0.004651453148130239
0.132828996655856,0.004669032658097191
0.13299230604871604,0.0046920344078575935
0.13305688907943858,0.004701154183360747
0.1350155156489523,0.0049841029640802295
0.13513327633242878,0.005001512326760812
0.13612643783497924,0.00515015830012428
0.13711845545877088,0.005301915566292768
0.13712621164302408,0.005303115146266619
0.1373917568298172,0.005344307557169946
0.1376529013744061,0.0053850508493237855
0.13774756291370127,0.00539987712666479
0.13855999681044884,0.0055283859604250175
0.13867806204659572,0.005547250312666477
0.13911355091675948,0.0056172499421638135
0.13938497232271785,0.005661211404736091
0.1415183176205389,0.006015788819474318
0.14163321132809392,0.006035345860397369
0.14214806744204977,0.006123569989315889
0.14261101166214574,0.006203721083378555
0.14282626849353885,0.006241255944074021
0.14374806194422507,0.0064039205900398135
0.14468443635598505,0.006572391923333996
0.14480806046749806,0.0065948799980401
0.14486595377689127,0.006605430999759294
0.14499884442346356,0.0066296980624771145
0.14524037215614582,0.006673974334888836
0.146156505127095,0.006843935779377795
0.14642017568981913,0.006893447890287697
0.14747443178252873,0.007094104693276761
0.1479123996250976,0.007178737837205123
0.14925376943729562,0.007442659579425028
0.14951104122813208,0.007494099074038641
0.15006954323888155,0.007606684224434523
0.15033518416631364,0.0076606759802553505
0.15105748471918312,0.007808937295942545
0.1514677363071295,0.007894098602239767
0.1524390543337688,0.008098502891213779
0.15249014874604583,0.008109363913736109
0.152627453285465,0.008138604529279161
0.153066745548337,0.008232688198737376
0.1534567900806486,0.00831690570116585
0.1535727173402226,0.008342060485229905
0.1546637264736953,0.008581599952234413
0.1548486185501995,0.008622699793766116
0.1551281000496576,0.008685105902905362
0.15527602098193793,0.008718272233135062
0.15593176344034665,0.008866445392877486
0.15625015666281883,0.008939067301620782
0.15644800268556602,0.008984417806013204
0.1569844145788234,0.009108242680802583
0.15699648072161754,0.009111042648393602
0.1581120897635765,0.009372722085471895
0.1583638797496114,0.00943255336516942
0.15845896350603283,0.009455221830192853
0.15848631476834307,0.009461750070632389
0.15859874985120337,0.00948862174520224
0.15902602509304975,0.00959126145704418
0.1595382137452298,0.009715393241451091
0.15995655689537924,0.009817671325915656
0.16088670336291655,0.010047967821640637
0.16182102710108748,0.01028335163847193
0.16254726563922706,0.010469148584464854
0.16289367881790007,0.010558654089242796
0.1636794175325652,0.010763796869171205
0.16389946486708518,0.010821779090742818
0.16452517164740676,0.010987931819075264
0.16457725975810955,0.01100184919418652
0.16503495044899708,0.011124708030827633
0.16527010203442327,0.011188228673565188
0.16599306917427692,0.011385224797568249
0.16620355903257422,0.011443065179917439
0.16637502808715676,0.011490345612532272
0.16666275008946152,0.011570010124291749
0.1670875552949378,0.011688386177712931
0.168496769218917,0.012087586449054657
0.16873416839922617,0.012155829196015577
0.1687924028642438,0.012172613281264877
0.16887982117051714,0.01219784120586172
0.1690490059742069,0.012246777294613206
0.16922011328825937,0.012296418972957624
0.16932274298625916,0.012326266178039148
0.16985731496372247,0.012482611626541929
0.17018112707423505,0.012578036390474707
0.17035173492023026,0.012628532478060128
0.17063105951311885,0.01271153409345741
0.1710543355866322,0.012838089411713775
0.17115937424515104,0.012869640619134124
0.17141500253122688,0.012946668300765598
0.1716432052133553,0.013015723341588896
0.17192818113801955,0.01310234535223891
0.1726846736027885,0.013334386752293958
0.17274803112299986,0.013353959390341147
0.17303729928904077,0.013443594864881041
0.17308469911645863,0.013458325524216153
0.17423028298115473,0.01381803732147901
0.17449332817219987,0.013901640136687505
0.1772087541868751,0.014787002506150556
0.17730319990618482,0.014818537602074376
0.17731278493320202,0.014821740823485068
0.17754135842362906,0.014898281662954293
0.17768881232332312,0.014947815456039825
0.1782990382641335,0.015154120323702742
0.17882867255070334,0.015334901860770042
0.1791880460524531,0.015458484752458099
0.17924973994062898,0.015479775128793467
0.1800848107674744,0.015770122469853994
0.18169964091382407,0.016343139806610636
0.18400995917488716,0.017189898618595337
0.18503378154898065,0.017575469774341382
0.18507005469093118,0.017589247989773748
0.18547954340490858,0.017745352687168352
0.18580285190287749,0.01786933529000974
0.18598162327562429,0.01793816867620268
0.18609499879107871,0.01798192512473959
0.18656055181987796,0.018162440754264514
0.18702937311137657,0.018345592109448472
0.18713389323106755,0.018386612200320198
0.1873626800710122,0.0184766419384446
0.18883433275747508,0.019063670012256187
0.1900744161721274,0.019569079625038097
0.19015895539456318,0.01960389608807466
0.19080981133065777,0.019873499394458233
0.1910352267269706,0.01996751728128674
0.19111139491296725,0.01999936123958407
0.19145583287793078,0.020143837087125173
0.1920044374296931,0.020375563816351566
0.19214673650781888,0.02043599467716868
0.19287183349845616,0.020746012741215774
0.19306156481110437,0.020827711296261486
0.19333300433927347,0.02094501220596363
0.19447516457771963,0.021444019575088985
0.19539590150050756,0.021852726404831387
0.19566680983694706,0.021974083243119273
0.1977538554292919,0.022926004283508633
0.19778966042430446,0.022942600004140175
0.19828461319181134,0.023172935057036846
0.19857289189324923,0.023307886137713455
0.19857964546686624,0.023311054707032427
0.19932378049492339,0.023662160587238523
0.20005427746783422,0.024010668701852332
0.20106925681419552,0.024501261450706958
0.20264773600610209,0.025279087457380257
0.20271203965552587,0.025311161233265364
0.2029089713251211,0.025409577602755168
0.2029794660100367,0.02544487677785561
0.2033504670064893,0.025631255505855634
0.20426765345105258,0.026096406444558826
0.2048065880991229,0.02637265787304883
0.20539212962779063,0.026675274700181106
0.2058261084625893,0.026901233295182358
0.20589552721752802,0.026937509865819123
0.20651161318192068,0.027261068565173227
0.20697877162292866,0.027508345520549714
0.20762729064208796,0.027854399092947728
0.20792815010199028,0.02801604132070797
0.208614228775318,0.02838727522428482
0.20966734878742332,0.028964261682836105
0.21022605150431606,0.02927390543169434
0.21025408236802023,0.02928950566041598
0.21054091863283653,0.029449498666203736
0.21065892457614077,0.029515510174150165
0.2113758023118134,0.029918908378978794
0.21148462376513943,0.029980502705341968
0.21213701503518367,0.03035175669104464
0.21340112199337413,0.03108089778513302
0.21379012413771425,0.031307890124186194
0.21512620175969177,0.032096982180192885
0.21581590354889757,0.03251009833334033
0.2160713963345987,0.03266413816055619
0.21614592171336022,0.03270917315491144
0.21726193497742374,0.03338914223386577
0.21803858889896965,0.03386854717430664
0.21830975799000285,0.03403713834774656
0.21843132091102635,0.03411291988395742
0.21863009823189705,0.034237108241437796
0.2201610248385577,0.035204940621064475
0.22088866652122285,0.035672054226528936
0.22098008993837726,0.035731070129875336
0.2217247090913106,0.03621446275358629
0.2226889108757938,0.03684765225640948
0.22271768777840317,0.03686667634155302
0.22327362773088766,0.03723564585825201
0.22378935702460723,0.037580391043612736
0.22399586331276233,0.03771909967505824
0.22449466125038653,0.03805571752404498
0.22483164531370303,0.03828440211755025
0.22506819992269012,0.03844554594018361
0.22509716833508908,0.03846531437145391
0.22557158981573078,0.03879014883683751
0.22695781839058637,0.03975105396542235
0.22820011196208723,0.04062720884490003
0.22832822907407868,0.04071838041741345
0.22867666403453712,0.04096710987102648
0.22920754702942836,0.041348261083238816
0.23055552660047351,0.04232796457823103
0.23062935156161013,0.042382116552915815
0.23117973597695674,0.04278746767080709
0.2312278095622472,0.04282301034704465
0.23144433430457156,0.04298336916534877
0.232517208343901,0.04378457469604805
0.2329292476418604,0.044095226551867636
0.2332004847231245,0.044300619524232386
0.23352097257976578,0.04454422804228617
0.23359364879295896,0.044599609496510574
0.2337640896658011,0.04472969240688754
0.23411779545550648,0.04500055033954653
0.23489896408739497,0.045603088818014156
0.235407087339921,0.045998242287365626
0.23560048961897517,0.04614931615277111
0.2356324098525565,0.04617428586159353
0.23647321613019512,0.046835652371336085
0.23949838872757134,0.04927390091519129
0.23989745323276013,0.04960247949916649
0.24001241213869007,0.04969743637629912
0.24180495388486378,0.05119572671937108
0.2426542210420638,0.05191724384257711
0.24338196509840127,0.05254153634799371
0.24484145940126256,0.053810435158996604
0.24484422944261175,0.05381286500020638
0.2461149992277193,0.0549362350608102
0.24684854289199964,0.055592610354599364
0.24691553738717165,0.05565284744772371
0.24876279064327123,0.057333056585018236
0.24907697753720637,0.05762255618774989
0.24908042545613973,0.05762573922567351
0.2490861482751301,0.05763102268767577
0.24911172327331343,0.057654638639456385
0.2505378238522219,0.058982970991796085
0.2508272994491023,0.05925536539302173
0.2509473662902726,0.05936862240047459
0.2526329499074679,0.0609757179311685
0.2546923508567457,0.06298302099289566
0.2560154236674239,0.06429836693290945
0.2563894679919052,0.06467391326810984
0.25651876060260925,0.06480410473354795
0.257645434998624,0.06594690132834648
0.2583253100188644,0.06664373496792766
0.2590107182817506,0.06735178263920981
0.2590307414509857,0.06737255113816445
0.2592906043525014,0.06764252034029573
0.2600897456166239,0.06847779655952455
0.26146354941044014,0.0699316607529328
0.2627256350717785,0.07128745939053371
0.2631399440395794,0.07173677300251428
0.26340586663658294,0.07202627302400313
0.26341875257912883,0.07204032354948346
0.26446359184277624,0.07318640538687132
0.2645983759851309,0.0733352329488984
0.26544196769560313,0.07427184870272348
0.26697214816711456,0.07599347196131598
0.2671257225879229,0.0761678866646055
0.26736677111188956,0.07644224689905763
0.2680083145539206,0.07717603513953203
0.26823784011652174,0.07743983302569922
0.2685953096629736,0.0778520158553296
0.2686767393708914,0.07794613698265868
0.2695214752391888,0.07892753788348385
0.270113802212985,0.07962116103320116
0.27018434421410975,0.0797040680923195
0.2701980256959071,0.07972015519171342
0.27062905294032413,0.08022820900094751
0.2706880281498467,0.08029791036169358
0.2707705541475769,0.08039552149517944
0.2709019958200839,0.08055117208703391
0.27224860145218155,0.08215874872781723
0.27237067942273674,0.08230565654191932
0.2733885752680987,0.08353820993202633
0.27417785030721675,0.08450334432867324
0.27439012057567713,0.08476432058213311
0.2745905698208725,0.08501131357074176
0.2752153618040869,0.08578461731518083
0.27529558987232217,0.08588429324427806
0.275457823716706,0.08608611701179768
0.2760910779353367,0.08687728262497933
0.27632662172164,0.08717293844803128
0.27668418058756883,0.08762317789097805
0.2770260025441843,0.08805521643590854
0.27718454910523926,0.08825614497368087
0.2772194061277793,0.08830036551350758
0.2775741660756399,0.08875136130798278
0.27778664557084587,0.08902229919269333
0.2780599313432629,0.08937167648918867
0.2782145040830546,0.08956973816126577
0.2786134175330137,0.09008239387895461
0.2788349391468504,0.09036801850471603
0.27940259731911676,0.09110301713041928
0.27944813464322626,0.09116217040231606
0.27952018892646313,0.09125582771000197
0.27979050905940295,0.09160783192463173
0.2801421822599046,0.09206728184558294
0.28050093477192284,0.09253774366905339
0.2808911035094237,0.09305143049379078
0.2813128365357601,0.09360905478691402
0.2822421322771784,0.09484655265315474
0.28389654328111136,0.09707968857694042
0.2845744648877132,0.09800594378090802
0.28468463380428455,0.0981570872353184
0.28597504879543256,0.09994036073695249
0.2864090138125872,0.10054544516523801
0.28667491290155345,0.10091753423979635
0.28695022724292696,0.10130387523471383
0.2872205374832967,0.1016842616272214
0.2877455423804174,0.10242608907578166
0.2894276980162336,0.10483004235602601
0.29087109496573815,0.10692595618429
0.2916728089486995,0.10810344700943539
0.29179447836701444,0.10828298217903991
0.2939142521212915,0.11144655575289752
0.294561918468489,0.11242666733183113
0.29618788332609336,0.11491539581452859
0.29652546937142965,0.11543718772263166
0.29675024822053864,0.11578559116143175
0.2972469476343925,0.11655823042550682
0.2972861668042063,0.11661940002833557
0.29744350873049197,0.11686504330267841
0.2978407931283692,0.11748699285710106
0.29799095971048206,0.11772271656301897
0.29946664435441717,0.12005785643320337
0.3001728833973123,0.12118747690363935
0.30075064524767914,0.12211743867864142
0.3011584260067065,0.12277697415537125
0.30158528544947805,0.12347018914746913
0.30172717412988603,0.12370125528822834
0.30179225108722807,0.12380734034628342
0.3027775889243627,0.12542183210089178
0.30284948743587614,0.12554024590749693
0.30307721101284024,0.12591584323390972
0.304387308440921,0.1280928422551128
0.3047650835997282,0.12872573534513818
0.305208887145207,0.12947219943550017
0.3055281135039156,0.13001110540368088
0.30628404189620184,0.13129385179583167
0.30653464725900026,0.1317211667812328
0.30844328066699045,0.13500947215732842
0.30938585731203394,0.13665559897955037
0.30971412641327767,0.13723235985515114
0.3097922160608967,0.13736982596164593
0.3101117141707175,0.13793331879859894
0.31021633687356875,0.13811821063120377
0.3110376290653316,0.13957598751859324
0.3133338576276208,0.143712079592314
0.31354613482861615,0.14409896193325392
0.3149880670896815,0.14674732044359998
0.31533078405749426,0.14738202766056932
0.31585832167286065,0.148362976951204
0.31752051473127363,0.15148532447285173
0.3179154079019356,0.152234181369523
0.31841748445483,0.15319023411926214
0.3184998275361648,0.15334745319611162
0.31906891955036654,0.15443728553877104
0.31910786795248547,0.15451208138039518
0.31912963827129615,0.15455390036133945
0.31940187373807283,0.15507754710853197
0.3205372369786824,0.15727553923867946
0.3208165008817886,0.15781967643955688
0.32134934349582234,0.15886175144523415
0.32141065695437776,0.15898198599474198
0.32186824580075657,0.15988142789506335
0.324638296478578,0.16540653525293303
0.3248957679567325,0.16592712731784987
0.3251828060509271,0.166508922022997
0.3252891117590836,0.16672477256198057
0.3257745393044277,0.16771303684419128
0.3259708793264252,0.16811398023853238
0.3262028636215255,0.1685886208602789
0.3263107291048999,0.1688096494921958
0.32641717928174174,0.16902798696685103
0.32669777496988306,0.16960450589183157
0.32673136686091453,0.1696736214639525
0.327221937639231,0.17068533720031415
0.3278959575287539,0.17208261222582202
0.32861820104078454,0.173589174295581
0.32944999186103296,0.1753362369035103
0.32951724942428195,0.17547806472734898
0.32957589003133503,0.17560179054373498
0.32991273877218175,0.1763137501796547
0.3303244964480688,0.1771869154540478
0.330687462340995,0.17795924537160357
0.33074360280448123,0.17807892327955335
0.331283350415866,0.17923255426602025
0.33133552317221193,0.17934435609753466
0.3314464092465871,0.17958214578305332
0.33164414425008837,0.18000675332345778
0.33216917348175,0.1811377567344114
0.33357293682794453,0.18418733307711893
0.3337279766418415,0.18452644199764218
0.333740627278858,0.18455413215578892
0.3350862170164731,0.18751686207041035
0.33761472387838276,0.19317833832177306
0.3377419889536669,0.19346656465999046
0.3377579262744401,0.1935026812500714
0.33794913611905397,0.19393637965981625
0.3393437742709686,0.19712125230539998
0.3395984072856091,0.1977068571013189
0.34025117976074293,0.19921392331600316
0.34047779245856014,0.19973906965638552
0.34096451744595646,0.20087041958483629
0.34156929533203706,0.20228270165254722
0.3423210464892714,0.20404831330238216
0.34250073616928545,0.20447200878257835
0.3425983784250036,0.20470251205719472
0.3430707920699757,0.20582042139842022
0.3432192204598201,0.2061725794052251
0.34407100579911765,0.2082020362719289
0.34491222382564624,0.2102206167535747
0.34622744186878907,0.21340522495474137
0.346316699303033,0.21362261847064276
0.34649459662210425,0.21405638401285604
0.34726300747314587,0.21593738998727238
0.3480589851469563,0.217898578712539
0.3488498992993583,0.21986014241590687
0.3495141859471105,0.221517587922344
0.3496341766041605,0.22181794316802095
0.3500459078596386,0.2228508300840614
0.350308539542746,0.223511509679412
0.3514921903526361,0.22650686055382252
0.3514955871430431,0.2265154983728718
0.3516770695404793,0.22697734573385744
0.35171769302655254,0.22708082080499623
0.3518736999911508,0.227478517303124
0.3522085743017245,0.22833390100363038
0.3525420915418306,0.2291881463219821
0.35267528944993387,0.22952995919789412
0.3528159557320921,0.229891340642051
0.35315653672897307,0.23076803400568624
0.35339702717774324,0.23138854882734117
0.3547182258588759,0.23481921791456303
0.3554148455360442,0.23664292258931804
0.3557907747460445,0.2376313527178887
0.3561575779950892,0.2385986809366014
0.3563169959895932,0.2390199878040356
0.3571425061701702,0.2412102942370399
0.3575504480324635,0.24229804967179508
0.357720685690073,0.24275303268048823
0.35845943505739575,0.24473463988690988
0.35864773825910123,0.2452416157015203
0.35950643596280407,0.24756320211321814
0.3599177747132076,0.24868094134993418
0.36021022101793654,0.24947783829966916
0.36179844239271486,0.2538380609568886
0.36291968628562854,0.2569493925931255
0.3631860113353911,0.25769246322263445
0.3635600281700385,0.2587386332536499
0.36387182524511874,0.259613118344023
0.36448153205158906,0.26132932867609493
0.36520146097251627,0.26336636402985275
0.3652304050901358,0.2634485010941964
0.36579201299145203,0.2650458978296648
0.3658402065281089,0.26518330210839186
0.36689729122871295,0.2682101443402113
0.3674120039175467,0.2696929848788246
0.3680325898719866,0.2714887157292622
0.36883653674132544,0.27382786347398275
0.36915407618053087,0.2747557732135485
0.36968064621177177,0.27629951785883355
0.3700804690601941,0.2774758587855162
0.3704956069252844,0.2787010848697324
0.37253173676494644,0.28476712867223136
0.3736276675262973,0.2880712928708589
0.3736528410105108,0.2881475127929729
0.37540697084783914,0.29349454918834905
0.3760274107677687,0.29540281314738154
0.3762130047207808,0.29597537013558334
0.37633587114961475,0.2963548523230302
0.3767033070004945,0.29749179653513286
0.377116609423758,0.29877441391811016
0.37742812732066244,0.29974378717747807
0.37828764323619746,0.3024301446703076
0.3786204893383627,0.3034750697768364
0.37915393083928783,0.30515514921118503
0.3791760824129514,0.3052250601304281
0.37997680063937533,0.3077598865658995
0.38009547825332546,0.30813686649188654
0.3801094837735536,0.30818137696648146
0.380157717964129,0.30833470379077904
0.380218783562955,0.3085288977161584
0.3807227457418747,0.31013489846149
0.3808307256726967,0.3104797830539529
0.38109334429892505,0.3113197286395124
0.38125629469105027,0.3118417203666615
0.3812603336581687,0.31185466668324674
0.3812862324406747,0.31193769060434173
0.38175853631296,0.3134545443155377
0.38185900103092607,0.3137778791080264
0.38270739246526586,0.31651788971165146
0.3843967826010285,0.3220250942037333
0.3844485696760829,0.3221949911261033
0.3845911943926644,0.3226632295591695
0.38536920467606617,0.32522603468029276
0.3857089535461946,0.3263497457467352
0.3870288348712645,0.33074161059834745
0.38716127651647625,0.3311846285558399
0.3872590759518969,0.3315120405485979
0.38836734985459254,0.33523850554459544
0.38885995707190335,0.3369044257246096
0.3894863097377732,0.33903118524277587
0.3902510511549875,0.3416408211747938
0.39050397235749434,0.3425070473538497
0.39058382348774123,0.34278085367488104
0.39059952343132,0.34283470652601505
0.39160861594109964,0.3463087083731048
0.3918275725812177,0.3470658129517568
0.39191652653424514,0.34737373338575334
0.392176926308338,0.34827624562332765
0.3921876323573771,0.34831338716291016
0.3924305325523545,0.34915681823156064
0.39247962121600033,0.3493274472562846
0.3925003032030182,0.3493993543027246
0.39267584506247255,0.3500101024181861
0.3929084827913447,0.35082067138074885
0.39332084296376457,0.3522607247629805
0.3935369542649294,0.3530171130474171
0.39404068562684225,0.3547846598842722
0.39425749009139943,0.35554734319822867
0.3943826260016964,0.35598808218858413
0.39470170775421864,0.357113674544297
0.39471064551841906,0.35714523981427926
0.3947684431953655,0.357349410314589
0.3949724610658515,0.35807076832037094
0.39535092126095706,0.3594116553097112
0.39549426471218196,0.3599204535835964
0.39612715917899277,0.3621730416867746
0.39659082791780687,0.3638296733881724
0.39661847931176886,0.36392863830579114
0.3968782694663824,0.36485936719373735
0.3969651252065479,0.3651709150715579
0.39824395381646216,0.3697799244957231
0.39832089215906763,0.3700585274018978
0.39858468635253774,0.3710148888463059
0.3987125351380413,0.3714790232961103
0.3996018553123959,0.3747189641389224
0.40083302451609915,0.37923732069486793
0.4009334507406659,0.3796075767770452
0.4013901218680552,0.38129448345192274
0.4016532525724156,0.3822688742744317
0.40190434543019093,0.3832003307563521
0.40311748892119936,0.3877232598648658
0.4044140996336013,0.39259897650010217
0.4045086959301294,0.3929563791359621
0.405399604625693,0.39633368186691803
0.40559583831200474,0.3970803192872811
0.405735015093292,0.3976104657578732
0.4057626698890605,0.3977158667235549
0.4072825515462166,0.40353896829785824
0.40730112904552274,0.4036105135621682
0.4080648031521793,0.4065593011735386
0.40826898300599224,0.40735026802192875
0.408397927676323,0.4078503412029292
0.4086824166378783,0.4089551747533961
0.40906065554382043,0.41042735330325913
0.4093490133609131,0.41155219980632224
0.40997522771659534,0.4140024465933126
0.41065370249324773,0.4166687348518252
0.41087553392004417,0.4175431053657292
0.41243083993688123,0.4237097265103877
0.4135698400751294,0.4282660775120165
0.41418619945103297,0.43074597129626657
0.4143525321767664,0.43141692323534175
0.4147078389613936,0.4328526086445581
0.4149839902950476,0.43397075902055393
0.4166672081652879,0.44082993323566416
0.416761051051886,0.4412145624246263
0.41766059868169836,0.44491339725393864
0.4194808889062579,0.45246433614075215
0.41961143814148605,0.4530092911482285
0.4198710051881289,0.4540941669312444
0.4205005658808738,0.4567329689329436
0.4208467739633156,0.45818864003235077
0.4213883815704075,0.4604723624438354
0.42195427988027523,0.4628669541299678
0.42199676915592854,0.4630470956756376
0.4229861897684756,0.46725572814580457
0.42389753794501295,0.4711557066074312
0.42424140057526327,0.47263306619273315
0.42441257371317775,0.4733696850440553
0.4246225040135968,0.47427417617806517
0.4246721461214875,0.47448823576630217
0.4248130336219521,0.4750961154379719
0.4250817407083125,0.47625698752343254
0.4253507961900562,0.47742133272543863
0.42617707778949987,0.4810094134737865
0.42657671935378605,0.482751513398518
0.4271431096298497,0.48522796698037546
0.4276334962758871,0.48737918981384876
0.42788390549979183,0.48848022040403444
0.4287493961908725,0.49229894917972716
0.4290657014397776,0.4936996818324353
0.4291647477318544,0.49413886523439854
0.430014123514209,0.4979161713614867
0.430227778137251,0.49886945044454795
0.4306706238559076,0.5008493320123654
0.43069512135504384,0.5009590135369305
0.43072034207241927,0.501071950374161
0.4309914097744012,0.5022868821541353
0.43165261232620167,0.5052589106697001
0.4317682423052328,0.505779894021389
0.4324448850236883,0.508835989477554
0.43247156724337044,0.508956760748283
0.4325297499889377,0.5092201806226089
0.43314016106389375,0.511989439919246
0.4337849126681722,0.5149257053241161
0.4339335034967883,0.5156040383012084
0.43405595314820244,0.5161634946302626
0.4345550562840482,0.5184481388448474
0.4361743589191752,0.5259082035777967
0.43675929879590747,0.5286209641618809
0.4370565299545466,0.5300030851051154
0.43713300641052943,0.5303590987561138
0.4379498036612305,0.5341716560932748
0.4380589276433874,0.53468242631186
0.4381445614292607,0.5350834807610736
0.43816756212600527,0.5351912364407245
0.43862261099185773,0.5373261352954518
0.4391088408010947,0.5396137347146549
0.43917374673023113,0.5399196037152518
0.43930154134298616,0.5405221808663783
0.44115436123425733,0.5493101360440515
0.44159940808907316,0.5514353847933051
0.4420111181520858,0.5534064087367955
0.442279485811233,0.5546937672387318
0.4426381130509577,0.5564172726265082
0.44358667015585296,0.5609933950370396
0.4443653408675128,0.5647689485208736
0.44439834328013206,0.5649293469391864
0.4445941946368217,0.5658818589008305
0.44460524594739637,0.5659356387036
0.44487042412191335,0.5672271322939704
0.4453651335722628,0.5696418361963854
0.4453799737602282,0.5697143791726584
0.445415536188429,0.5698882436563597
0.4456419597162984,0.5709960682133153
0.44611885810987617,0.5733341528879234
0.44728493224152455,0.5790782642297734
0.44770564794361556,0.581160213377273
0.44799906589766725,0.5826152007400369
0.4485135530362053,0.5851723356987023
0.44864834980852153,0.5858435578498763
0.44892661452354543,0.5872308189349473
0.4489940245616645,0.5875672172528672
0.45004458548581483,0.5928266218861098
0.4508447285471856,0.5968535141212927
0.4509403931286988,0.5973361918515702
0.4518373895784046,0.6018747470826461
0.45186710510593475,0.6020254936746452
0.45240860012834194,0.6047769235094397
0.45295265569659937,0.6075498282104767
0.4540252149862507,0.6130412476937019
0.45423516724394164,0.6141200525765942
0.45502641911608344,0.6181971526567672
0.45504646638709,0.618300684456637
0.45612177312203717,0.6238709260661229
0.45620090944028957,0.6242821783794643
0.4563481160571733,0.6250476553959806
0.4565942645284623,0.6263290263918228
0.4573552211096761,0.6303013684569099
0.4581696531936519,0.6345713641183337
0.45828666284119224,0.6351864079315782
0.45833040064254615,0.6354164106603216
0.45962102536393845,0.6422282520032815
0.4599857784296847,0.6441621219582991
0.46087747144443725,0.6489059568223747
0.46162898712081646,0.652921914480779
0.4622569535961213,0.6562901935487613
0.46267999997009,0.6585657670507549
0.4629762146766585,0.6601621991852723
0.4631402325084564,0.6610472583292856
0.4636730758708847,0.663927927784235
0.46369577023652486,0.664050801443857
0.4636958974028227,0.6640514899999581
0.46394373193316496,0.6653943093359561
0.4642609795078083,0.6671158245178385
0.4645420494359457,0.6686434658765231
0.46557762132202596,0.6742916944924588
0.46622444231531057,0.6778354024150782
0.466415658361671,0.6788853378630775
0.4667296190362954,0.6806115494144387
0.4669025886661351,0.6815637917931995
0.46740586797226014,0.6843394237442584
0.46761616534118433,0.685501416024814
0.46798657925120435,0.6875512574242385
0.4683230796743062,0.6894168858473543
0.46835423522137687,0.6895897853992274
0.46894183227442254,0.6928559825322086
0.46953566068205244,0.6961670318794071
0.46986786477240683,0.6980238051152394
0.47001356128031213,0.6988391542444639
0.4700328993372668,0.6989474206808596
0.47050842301696505,0.7016131256057738
0.4705903914154288,0.7020732923495375
0.4711335298850077,0.7051273941181743
0.4713995154440731,0.7066261844267858
0.47159245742719647,0.7077146754643803
0.47211479492223385,0.7106669133897082
0.4729142813506365,0.7152009998019375
0.4729509056654039,0.7154091520035684
0.4740222616574393,0.7215154584852684
0.47417090728472544,0.7223653256512661
0.47423532684651226,0.7227338386087826
0.47530860335884617,0.7288913496383128
0.4753887338217705,0.7293524161600923
0.47547781655290067,0.7298652135773563
0.47586088614045674,0.7320729620663631
0.4763878473368923,0.7351170022428711
0.47666828683266993,0.7367402922651911
0.47777710798580975,0.7431810576453488
0.47814924802821723,0.7453507389185992
0.47826189886358705,0.7460083223629294
0.4788661546002645,0.7495419052077411
0.480141138889711,0.7570327747518423
0.4801900298671614,0.757320967156412
0.4818843592994092,0.76735146822695
0.48238946102733593,0.7703579083227284
0.48242725702424494,0.7705831751705277
0.48274864286918684,0.7725003425678021
0.482866640014627,0.7732049892088128
0.48298735392626924,0.7739262801570856
0.4836140565420266,0.777677795005252
0.48466902357668895,0.7840188348355068
0.4847360928098031,0.7844230624277323
0.4848871816218958,0.7853341584329523
0.4850056263508924,0.7860488696505926
0.4866202833999276,0.795832728201765
0.4874772417651756,0.8010562572841011
0.48760024266167934,0.8018077567317914
0.48817693441261756,0.805337051826239
0.48892567361191663,0.8099337111374338
0.4890709423753278,0.8108274356859646
0.49009842527727954,0.8171662652993597
0.49065466883095465,0.820610701799472
0.49070050069532933,0.8208949084794733
0.49209025330618783,0.8295418600141353
0.4921204403636569,0.8297303046700774
0.49223139059330134,0.830423146046493
0.49259282476073485,0.8326826420341596
0.4929688979906939,0.8350376799381966
0.4936598612527092,0.8393753137690854
0.4938322248968008,0.8404595128749589
0.4941087515461733,0.8422007163329953
0.49437529952904713,0.8438811856091456
0.49682017873894535,0.859391087607851
0.49764448333238875,0.8646593124130366
0.49856348993814026,0.8705559225134925
0.49931218171877045,0.875377754224632
0.49946129603258627,0.8763400310957234
0.4999714567095799,0.8796370869453087
0.5000550121525752,0.8801778016473107
0.5003405094473841,0.8820268648948513
0.5014880133926436,0.8894824858403515
0.5016722891145524,0.8906832984000533
0.5016744577298416,0.8906974357509777
0.5021803747403668,0.8939992336517611
0.5027703080200248,0.8978586283034625
0.5030219415737252,0.8995078732295171
0.5036646849037227,0.903728747567288
0.5044339537443443,0.9087960585769098
0.50450904213605,0.9092915859453302
0.5048467606941227,0.9115222689492519
0.5053368644155052,0.9147652747648307
0.5054488515538581,0.9155072538512949
0.5055751102643424,0.9163442195444815
0.5059423523066822,0.9187812426859016
0.5071791017961294,0.9270165956139598
0.5072162822774041,0.9272648497834718
0.5097156112393953,0.9440428885953281
0.5098574747861602,0.9450005312226755
0.5105180203680524,0.9494670043110891
0.5110069832713944,0.9527812099061899
0.511582757073579,0.9566924704244617
0.5117899222331932,0.9581020396149671
0.5122096490623647,0.9609616009099803
0.5122149455994017,0.9609977174212595
0.5134012481798639,0.9691068525891197
0.5134199040393445,0.9692346929058565
0.5137479978174743,0.9714845690420713
0.5142508193026497,0.9749384802944608
0.5147656420832067,0.9784821616296596
0.5154914633700944,0.9834907934122739
0.5159604197419908,0.9867347106343942
0.5162036722867345,0.988419778380143
0.5176055780824996,0.9981631859303269
0.5176541013536212,0.998501405507025
0.518212421279312,1.0023977331046976
0.5192123314946908,1.0093973290870515
0.5193030729058715,1.0100339063787966
0.519716161283512,1.0129347114789156
0.5202527103214519,1.0167095064713947
0.5207480414997486,1.0202013515179433
0.5224250069696283,1.0320731106722745
0.5230058486568341,1.036203001474576
0.5237038692734476,1.0411782210051583
0.5239469932430997,1.0429142267923102
0.5240860583882265,1.043907931582562
0.5248543226493353,1.049407102904391
0.5253544554525537,1.0529956035510357
0.5260949085590781,1.0583208358949467
0.5269904803792025,1.0647814013732646
0.5274177604814271,1.0678713528342763
0.5275896240937697,1.0691155958933076
0.5276634209774759,1.069650107002423
0.5288474925839041,1.0782462614467478
0.5290318083091157,1.07958772814067
0.5291885450504796,1.080729184480553
0.5301689665617647,1.087884058186128
0.5302760939595925,1.088667393664277
0.5307158602816774,1.0918862317870235
0.5314471988425025,1.0972505327961581
0.5318483919009794,1.100199238728989
0.5318880061299,1.1004906269613428
0.5319611146191269,1.101028495506657
0.5321107512613594,1.1021298297602926
0.5324777471472564,1.1048334312776191
0.5326809116648685,1.1063316326865196
0.5328782381649118,1.1077878184607204
0.5331148421281168,1.1095351995929974
0.5355714858957743,1.127764384863563
0.5356208757270701,1.1281324814147267
0.5357618862093604,1.1291837626841765
0.5358754519000921,1.1300308070047185
0.5370998332544544,1.1391841138764274
0.5374233603837427,1.141609190486346
0.5381768161701825,1.1472672829368002
0.5390451773498435,1.1538062133463625
0.5393367367551597,1.1560060092628863
0.5399031283864999,1.1602855492944029
0.5401099993691061,1.1618506460724565
0.5403004420455805,1.1632924079025129
0.540348101752918,1.1636533626439112
0.5405182699707184,1.1649426125946367
0.5406363256892867,1.165837469527097
0.5408137638133836,1.1671831017261813
0.5421138401478289,1.1770665330402457
0.5427037948258782,1.1815654042311243
0.5440383317860921,1.191774163268051
0.5451033771756881,1.1999529083455682
0.54535080915349,1.2018569803050245
0.5459042887516994,1.2061216035003417
0.5472254059013074,1.216331056983208
0.5492486950540415,1.2320483268707496
0.5494827735079838,1.2338730015348787
0.5496563699700456,1.2352270509442709
0.550038408984264,1.2382094646446478
0.5506187040833103,1.2427461784380667
0.5517563943018388,1.2516635559338267
0.5523948917172062,1.256681443864155
0.5525738952099322,1.2580899162228263
0.5531669602925052,1.2627616985146617
0.5535014741962814,1.265400366438544
0.554054096681983,1.2697651299035793
0.5542608211772495,1.2713996971843236
0.5550245144510859,1.2774466734943886
0.5552947059201575,1.279589248334967
0.5558520417362903,1.2840140584817983
0.5558738047028181,1.2841869818848781
0.5564606784964273,1.2888541674948804
0.5570481570471288,1.293533909218848
0.5572830255050476,1.2954069861947077
0.5575951775368607,1.2978983029997646
0.5578107928963121,1.2996204162099874
0.5592957643272032,1.3115087456272134
0.5616036113066755,1.3300803542739523
0.5628779981897387,1.3403845588779697
0.563038147432551,1.3416819000646112
0.5636534024814852,1.346670996507351
0.5637627492963371,1.3475585201443396
0.5637751531381798,1.3476592128928044
0.5644531212858797,1.3531677540077351
0.5646461841610947,1.3547381537579708
0.5651855651400551,1.359129641760331
0.5668373957498712,1.372615520989479
0.566850254701786,1.3727207219106616
0.5673951409585503,1.3771815807656937
0.5680567629585043,1.382606145010371
0.5685631766691904,1.3867640742886593
0.5690802863678088,1.391015067337196
0.5695790488070451,1.3951202225109556
0.5698463020875718,1.3973219045123895
0.5711331151590826,1.4079423281441512
0.5714874340335112,1.4108722204443376
0.5720551720511987,1.415571887395028
0.5730438229590689,1.4237703756969688
0.573524513614692,1.4277631716720676
0.5735839920023984,1.428257520372447
0.574115613368351,1.4326789484952582
0.5741505991394293,1.4329701037932647
0.5744653717301537,1.4355906869947883
0.5744727303057865,1.4356519712659739
0.5756694736372497,1.4456319148636394
0.5761796428978155,1.4498942138316369
0.5767271001183221,1.4544732155622964
0.5772574769012401,1.4589144216530976
0.5779884510762605,1.465043463401922
0.5782611495936724,1.4673323589009628
0.579141375579467,1.4747292896496034
0.5802183614938405,1.4837976411987226
0.580524104046404,1.486375587274896
0.5812059268361169,1.492130148335812
0.5812709981905789,1.4926797500068685
0.5822420213136735,1.500889376742412
0.5831070219516831,1.5082154700052572
0.5838634646999215,1.5146319000403534
0.5841196401109111,1.516806916443282
0.5847839751131397,1.5224521062620928
0.585031475004471,1.5245569809327792
0.5853566471620094,1.5273238497750226
0.5868439029914677,1.539999180139644
0.5874902607584335,1.5455180924001493
0.5878536186842285,1.5486232940333542
0.5880555192518421,1.5503495312290896
0.5881416288072036,1.5510859410868258
0.5887082038582855,1.5559339427586885
0.5888987698246005,1.5575655806218405
0.5891460002184529,1.5596831465780123
0.5902513825199018,1.5691613391676495
0.590267191075062,1.5692970132092217
0.5909373458928854,1.5750516209804313
0.5918669471259621,1.5830440718853016
0.5921037903055683,1.5850822093036996
0.592629593964764,1.5896095887249815
0.5934295267339201,1.5965041459187055
0.5936457946972877,1.5983695358548071
0.5938948668966522,1.6005186008273247
0.5944380002407232,1.6052075804452342
0.5948471884086467,1.608742577730828
0.5949980912565176,1.6100467487962022
0.5954836635918271,1.6142451455909337
0.5955528848684238,1.6148438819941988
0.5960372789770929,1.619035284042382
0.596049042597131,1.6191371075198513
0.5960848693476485,1.619447226486117
0.5964717303395026,1.6227968760975469
0.5969500054868794,1.626940426950493
0.5975154859982165,1.6318428410476191
0.5977268663712668,1.6336763177136229
0.5978529670287686,1.634770329489336
0.5986345589011127,1.6415550837648147
0.5987536285067618,1.642589271965342
0.5995002231229581,1.6490773210505796
0.6012909222666432,1.6646623087174932
0.6013802164914089,1.665440302852119
0.6032080318734695,1.6813822334443682
0.6040174990134718,1.6884520976444075
0.6044408854126296,1.6921522399409343
0.6053362362726799,1.6999820999167947
0.6053638325946304,1.7002235365787315
0.6056800494088939,1.7029905216474324
0.6057247099199539,1.7033813790862375
0.6061683599960399,1.7072649612888364
0.6067871235461788,1.7126840255141083
0.6069288781269085,1.7139259129201836
0.607488993544946,1.7188344700410856
0.607587307399815,1.719696281640248
0.6075976879161256,1.7197872805819074
0.6077139640189262,1.720806648124659
0.6077291464358545,1.7209397563832518
0.607905618035171,1.7224870521625932
0.6080913314402824,1.7241156219483884
0.6090690831348113,1.732693777187113
0.6091968877037968,1.7338155345502564
0.6092877395387073,1.7346130192938871
0.6096108162873024,1.7374493835929172
0.6098456258437908,1.7395112568594768
0.610401523711719,1.7443940189679799
0.6112523813569248,1.7518712477238667
0.6134658551436474,1.7713420398238497
0.6145535306779273,1.7809187914507647
0.6148503330881079,1.7835329999082756
0.614898250035273,1.7839550835037687
0.6152448260040474,1.787008236759329
0.6152487274232286,1.7870426090547276
0.6160750011555963,1.7943236087634813
0.6162376385743765,1.795757052335664
0.6166014584016191,1.7989640114194962
0.616730078285661,1.80009786734553
0.6171810890661654,1.8040742203163924
0.6172232932691872,1.8044463494091942
0.6172931359108966,1.8050621887260427
0.6175392605896562,1.807232521888359
0.618888539971725,1.8191336152876734
0.6189948356762726,1.8200713827593564
0.6202719783643205,1.8313406162921515
0.6203334697214025,1.8318832849457451
0.6204212991346968,1.8326584017551988
0.6206207456619646,1.8344186171023236
0.6215473359701148,1.8425970378138352
0.6228646933367571,1.8542262021194251
0.6228811836365801,1.8543717813036495
0.6245430803313485,1.8690437188918432
0.6251152623566618,1.874095152189463
0.6257574672779537,1.8797645694261358
0.6259895146113423,1.8818130178187722
0.6271910882386539,1.8924192210846649
0.6274133086494393,1.8943805266131861
0.6275269818416648,1.895383768970492
0.6276098416702843,1.8961150488000649
0.6277199797677783,1.897087054470512
0.6278654721016096,1.8983710394407183
0.6285232144941097,1.9041751651174914
0.6288625883745089,1.9071695416892351
0.6290015657371927,1.908395693908038
0.6315635180301556,1.930989036465173
0.6317230151387203,1.9323948794627621
0.6324680111978896,1.9389601043056612
0.6326091066794498,1.9402032388454835
0.6328149109381865,1.942016340973272
0.6331845894666823,1.9452726736052446
0.6332103576720653,1.9454996308848378
0.6337621109407109,1.9503585239070675
0.633928175765887,1.9518206465288939
0.63414547964511,1.953733694943891
0.634532385985828,1.9571392440600794
0.6350152799500159,1.9613885476860138
0.6360140164073554,1.9701728662318196
0.6360919949388165,1.9708584695440983
0.6367308185477125,1.9764736948920092
0.6369159673669735,1.9781006496423563
0.6371955189042456,1.9805567142865435
0.6374995149308477,1.9832269373508404
0.6379801335607753,1.9874472464421855
0.6385718332388038,1.992640653021511
0.6386747038412508,1.9935432911589575
0.6392779877217702,1.9988351604076628
0.6395766808862828,2.0014541631388454
0.6396860892685939,2.0024132973123
0.6398485614902314,2.0038374370129217
0.6401214657707205,2.006229067900848
0.6404564273809893,2.009163684863835
0.6410508038167576,2.0143686502034033
0.6412275416812484,2.0159157406720674
0.6415247015189978,2.0185163147025023
0.6420319566592065,2.0229536283618823
0.6421098626503436,2.0236349106913467
0.6421810523051481,2.0242574082754508
0.6425902060378388,2.0278341837256173
0.6426610394516351,2.0284532348148616
0.6428051050179325,2.0297121473093385
0.6437100405060212,2.0376150869380654
0.6437347387032067,2.037830661294498
0.6437975886530742,2.038379208270229
0.6446811885403081,2.046086677872871
0.6447362938203969,2.046567067903456
0.6456906566547765,2.0548814518895115
0.6466648548065264,2.063357656091466
0.6475005883759863,2.0706198604843693
0.6487293645828158,2.081281145999872
0.6488991021098821,2.082752267350587
0.6491839992342048,2.0852205968470763
0.6491954486467609,2.0853197704595923
0.6493512660360841,2.0866692639767805
0.6497928324239636,2.0904917123425446
0.6498385754403148,2.0908875326081517
0.6503688115779709,2.0954735496563006
0.6503694177769889,2.0954787903553527
0.6505569268245789,2.097099582540875
0.6509002571263485,2.1000659252303815
0.6514102508195132,2.104468981340984
0.6516437452737629,2.1064835540146216
0.6552281101432335,2.137299415761981
0.6565029184335421,2.1482062752933477
0.6571968115513743,2.1541304897542704
0.6581207289691224,2.1620044018825335
0.6581558340185153,2.162303252806861
0.6582480930951894,2.1630885437516283
0.6583768956856689,2.1641846066471557
0.6585064729145295,2.1652869318561265
0.6587665590439407,2.1674985046252893
0.6593540071059589,2.172488728201508
0.6594304491133157,2.173137570622088
0.6601840537667341,2.1795277683769507
0.6606759719567725,2.183692609517293
0.6609909043589052,2.186356302664743
0.6610773310130535,2.1870869268982305
0.6613918584198714,2.1897444854008397
0.6618473668120829,2.1935894304793764
0.6622627989154535,2.1970921087614994
0.6641296156038339,2.2127837708084632
0.6641327784531541,2.2128102878538614
0.6647813467688234,2.2182428070726705
0.6657791562698928,2.226580807085621
0.667749016158197,2.242968537318706
0.6679009419494389,2.2442282988312257
0.668024291540906,2.245250662168011
0.668264930266053,2.2472440026744027
0.6687357695015312,2.251139767406491
0.6692019197552208,2.2549908701744346
0.6692918354796303,2.2557330318661326
0.6694968825096659,2.257424658779179
0.669530647938803,2.2577031114162183
0.6700474509171678,2.261961100376494
0.6705412499715395,2.266022621347401
0.671028177100493,2.2700208959042105
0.672006479761039,2.278033444748545
0.6723341783379831,2.2807111572513894
0.6728941299009851,2.2852793300813627
0.6733482444396348,2.288977190437219
0.6736020334661954,2.291041086339728
0.673669789178939,2.291591767211588
0.6741699222241468,2.295652228716248
0.6745617773356605,2.2988282212980073
0.6749363181139503,2.301859412259454
0.6751875924498407,2.303890529148065
0.6761864700638824,2.31194486674234
0.6762033287058739,2.3120805295176536
0.6762115547986135,2.3121467221716094
0.6771130149572323,2.3193871031266915
0.6773917010318865,2.321620051766918
0.677660979996227,2.3237751712206602
0.6776758617740134,2.3238942038274133
0.6777415688484401,2.3244196762474156
0.678051639290328,2.326897412260097
0.6790366530475253,2.3347468761182553
0.6793268144761462,2.337052780929239
0.6796513430525096,2.339628330974758
0.6800856305372927,2.3430691822362215
0.6804141232455968,2.3456673961775
0.6814423008562291,2.353774797455802
0.6832480253644269,2.3679195915239553
0.6834721219599712,2.369666493826038
0.6841652639700118,2.3750576193741355
0.6846814321799948,2.3790602473185123
0.6849088274448539,2.3808202936775897
0.6851947373303702,2.383030368352347
0.6859914174151128,2.389171623681416
0.6862748138234739,2.3913500916776647
0.6865295968174435,2.3933058466139463
0.6867204015106104,2.394768773087653
0.6870456143690681,2.3972588117798614
0.6878052440311638,2.4030581164229314
0.6878183432694243,2.40315791184122
0.6884509381857694,2.4079687614904763
0.6884937780655915,2.4082939501273914
0.689038189060778,2.412419708595879
0.6902597372363247,2.4216309776297265
0.6903978601781321,2.42266845198893
0.6907149307150522,2.425046888731582
0.691018066194174,2.427316664133724
0.6917058966975591,2.4324518059097744
0.692045327915043,2.4349781115135998
0.6925787490633556,2.438937735875091
0.6926012585740261,2.4391045417947668
0.6927234210704254,2.440009420036666
0.6930364164853078,2.4423247189048922
0.6931660648890485,2.4432824425052484
0.6937088171590695,2.4472833833484104
0.6939164241170033,2.448810162691423
0.6940696201213793,2.4499355054541647
0.6959414076534943,2.463595666322654
0.6961766432576417,2.465300526308713
0.6966154137263415,2.4684733056455332
0.6966285196976165,2.4685679312354676
0.6967273803013698,2.469281437277715
0.696859425755135,2.4702337002678076
0.6969400061834665,2.47081439549912
0.6972012082863636,2.4726945238881592
0.6977464367142487,2.4766081781999914
0.6993969112513592,2.488364246185124
0.6994999593824042,2.4890936412565328
0.6998187554396867,2.4913466784177056
0.699842721720336,2.491515843890441
0.7009312107473438,2.4991673929318825
0.7011021442751555,2.5003633269974506
0.7016301562969202,2.504047780439972
0.7017303711744192,2.504745402077467
0.7019948022763349,2.5065835971087163
0.7026843467194579,2.511359280167536
0.7029422777337477,2.5131390559939977
0.703222955309077,2.515071667220017
0.7037750156773649,2.5188602853751227
0.7044304322841861,2.5233363303196223
0.7052153348071567,2.528665089770579
0.7062581182178709,2.535690661403615
0.7064295478410099,2.5368396826481336
0.7066046862946247,2.538011813112336
0.707067652839483,2.5411017085928416
0.7082369264269415,2.5488498146863514
0.7083121162016126,2.5493452956864497
0.7090595447682883,2.5542523416606198
0.7096911177285158,2.5583726330752756
0.7102226041659934,2.5618212437174206
0.7103892068330192,2.5628987162818357
0.7104774335622562,2.56346861808913
0.7108423569937328,2.5658207657085352
0.7123328187863337,2.57534188307491
0.71254505634666,2.5766863363287893
0.7138872955777642,2.5851225803636315
0.7139437235129967,2.5854747102234232
0.7146675881718865,2.589973574682533
0.7154421510467646,2.594749641114187
0.7155827932599491,2.5956126259109777
0.7156791691866832,2.596203236177946
0.7165642642360982,2.601598392560525
0.7169612309459971,2.604001100974456
0.7176298432341934,2.608023931259726
0.7179140249212126,2.609724561631838
0.7180163632014369,2.610335634391761
0.718447329096466,2.612901098373111
0.7197820699130482,2.620765077222845
0.720906906194311,2.62729539537899
0.72113444090507,2.6286054483177694
0.7221614395216563,2.63447229009513
0.7226682242965902,2.6373392586428275
0.723164161164954,2.640126721094441
0.7238953196522561,2.6442032934974735
0.724074008115827,2.6451935578236143
0.7252671469399484,2.6517446563031446
0.7253055619746231,2.6519538026783356
0.7256852286019131,2.6540148519397535
0.7256880959525964,2.654030376011853
0.7257428401815482,2.6543266460363886
0.7260575461087646,2.6560253806712764
0.7266218651819971,2.659052551779486
0.7267358566141239,2.6596610704173353
0.7268526898632591,2.660283722021588
0.7273546754814292,2.6629470185178112
0.7277147074422657,2.664845149703974
0.7288351088420186,2.6706872186675525
0.7292024893127405,2.6725813104251586
0.7294402084048999,2.673801204761352
0.7297863655373239,2.6755695167267572
0.7300352521222137,2.6768350119822815
0.7307449029342858,2.680415986969381
0.730827062646277,2.6808279483633215
0.732453120766109,2.6888680348649423
0.7324813612130697,2.6890057526909557
0.7334042333385697,2.6934698352577793
0.7336233408593826,2.6945192654840264
0.7337192543583447,2.694977384081795
0.734784997907875,2.7000156293372073
0.7351988022454176,2.7019459184771137
0.7352973822387999,2.7024036141764562
0.7358578838130396,2.704990137297831
0.7363938679765986,2.707438231456807
0.7369652513912509,2.710020605132808
0.7370815222821487,2.7105426130827386
0.7371792652208877,2.71098052507771
0.7373088224836883,2.7115596857022766
0.7374645952222857,2.7122540918143443
0.7377197541689798,2.7133869436038145
0.7378494394993732,2.713960525088074
0.7379196748753951,2.7142705487497056
0.7381026266426615,2.7150760672785417
0.7385663113072836,2.717104365173451
0.7394588669391227,2.7209548250758497
0.7395739240036392,2.721445991710368
0.7407089759463894,2.7262274157610484
0.7411970988064475,2.728247672716338
0.7414764342739999,2.7293939927029296
0.7433745994060947,2.7369927053688774
0.7436208724832422,2.7379539767097274
0.7439232364893588,2.739126387646138
0.7449525044315105,2.743052549656183
0.7454524966786068,2.744923385858114
0.7462692979148575,2.7479280084509594
0.7464139873567328,2.748453539256826
0.746453904921411,2.74859816818196
0.7465031752179291,2.74877647086293
0.7468621595791151,2.750068473569227
0.7474926275040283,2.75230716616817
0.7479889362468198,2.7540420910989716
0.748422396271026,2.7555374713421874
0.748594037123134,2.7561244753027476
0.7491125077115417,2.7578798633935127
0.7494947695473722,2.7591569366081865
0.7495495504786858,2.7593387539681475
0.7503020388357068,2.7618057690002695
0.750335582874979,2.7619144152463933
0.7510852103269869,2.7643126887908274
0.7514111589527774,2.7653376862562573
0.751823342452874,2.766618332299247
0.7525410629678336,2.7688066748751377
0.7530177148882062,2.7702306322875785
0.7539108618899275,2.7728352903581475
0.7547376533890829,2.7751720383805365
0.7551066848712144,2.776191778311739
0.7551828938189666,2.776400570488243
0.7560245216266345,2.778665368334524
0.7561611419139357,2.779025885371326
0.7563653060375752,2.779560915581211
0.7570284708412982,2.7812679181772455
0.7583594451698961,2.7845503748699847
0.7591968054304806,2.786516416591773
0.7599263852890241,2.788166454054525
0.76047984044803,2.7893788033007834
0.7605715782854593,2.789576461155162
0.7608508814530942,2.790172460785777
0.7614210619401137,2.791362038815034
0.7618807088577639,2.792294398262105
0.7620747721982267,2.792680882722206
0.7628282202246485,2.794140945051452
0.763182211191096,2.794804618398201
0.7635037643815422,2.795395063458931
0.763669900075681,2.7956954848142295
0.7646398855160462,2.797386087669252
0.7649180594624424,2.797850858151971
0.7656087438877542,2.7989659552443182
0.766038735821885,2.7996320462588233
0.7678122039761733,2.80214927940314
0.7683109267379377,2.8027899335048487
0.7684368323128195,2.802946972642645
0.7685499727981597,2.80308647115553
0.7686229788540465,2.803175670986698
0.7701698862662614,2.8049148198537313
0.7702170432133121,2.804963289495758
0.7705149853509436,2.8052632716988417
0.7712658921576926,2.8059712701894552
0.7713022200251268,2.80600377214462
0.7714866289888216,2.806166262153518
0.7720236859842582,2.8066156591950486
0.773359998323699,2.8075790461674943
0.7733630223216953,2.8075809745071094
0.7733733577506963,2.807587556577626
0.7740574110969611,2.807993502802936
0.7741030834620233,2.8080185193408864
0.7742792865868506,2.808112578116977
0.7744691205222635,2.8082095456638223
0.775550295076482,2.8086751031380106
0.7756240339903606,2.8087014624540845
0.776177325243136,2.808877177141591
0.7761850817499748,2.8088793631645697
0.7766964134714197,2.8090065114082714
0.7786495153673819,2.8091826057334885
0.7790144751745437,2.8091607003646253
0.7798713930762856,2.8090408767113093
0.7805791004102299,2.8088692370518014
0.7827524929784242,2.8079272501864794
0.7839159114792111,2.807163212157604
0.7843040838630938,2.8068676203946406
0.784863177604259,2.8064059266094445
0.7851978656002122,2.806109179295339
0.7856655992785928,2.8056688339616898
0.7859811860138598,2.805354797652006
0.7869324037730167,2.8043253967121164
0.7873549151565786,2.803828091272496
0.7878482097522087,2.8032161519981025
0.7887705981161985,2.801981002528542
0.7893328218682569,2.8011697672870777
0.7900246410699757,2.8001105660737835
0.7901884511693634,2.799849885037512
0.7914100222788573,2.7977860604764255
0.7915887519111248,2.797466312367255
0.7924918149427087,2.7957809482776703
0.7927761771490917,2.795226060504841
0.7928696001442777,2.795041224950611
0.7930166500805531,2.7947477464499784
0.7936886950873264,2.7933668311281172
0.7940028992134349,2.792698822851219
0.7953038191283459,2.789780527650902
0.796298121864433,2.7873835205296644
0.7964357610250045,2.7870402821905547
0.7969177959670358,2.7858162271937195
0.7970255424499431,2.785537938767294
0.7974544685814874,2.784413108489915
0.7977142396450632,2.783718645484815
0.7987510350311315,2.780847156945677
0.7987718601841539,2.7807878413235323
0.7992418806570171,2.779431880833309
0.7994371982234996,2.7788586994732594
0.8006029718136679,2.7753186222786455
0.8023651775158872,2.7695781601956413
0.8024510412984551,2.7692864174922827
0.8025232395769224,2.769040237822263
0.8031250183659796,2.7669573892454453
0.8031513911471535,2.766864844466865
0.8040899072254677,2.763502175076223
0.8041433494293093,2.7633066280566
0.8042434423200747,2.76293920357573
0.8045959147923974,2.7616330670578852
0.8048254974814048,2.7607720262639908
0.805355526688591,2.758753109807897
0.8055586048953074,2.757968065751636
0.8062101459864316,2.7554062525313965
0.8064794884621638,2.7543279651109938
0.807026194873748,2.752104561514129
0.8082780712078704,2.7468374812321916
0.808422239298527,2.7462151489998234
0.8095771752548716,2.7411115914155593
0.809717710963531,2.7404762212546347
0.8104336841603423,2.7371907544095473
0.8109239734785673,2.734894024876115
0.8112480603983131,2.7333548873360667
0.8116892709113385,2.731232628572534
0.8118315119247339,2.7305418208383627
0.811933624181312,2.730043910986256
0.8139843921070659,2.719690558385209
0.8149914531605071,2.7143586052126425
0.8152651685795588,2.7128810563665646
0.8152798573164004,2.712801421654333
0.8161726358985856,2.707895507471005
0.8168232790616008,2.7042385022907913
0.8170466325588241,2.7029672110576803
0.8171270935576634,2.7025072453791537
0.8171855790883695,2.7021722417908123
0.8182544097638224,2.695951470508244
0.8182967276461952,2.69570132212153
0.8184203348770833,2.6949689756661983
0.8185262598067599,2.694339397786311
0.8186875559646712,2.693377175220748
0.8189548718742087,2.691773071175373
0.818968845888091,2.6916888930420724
0.8201544808255776,2.6844295975724712
0.8203582535849077,2.6831585973216945
0.8206854634035754,2.681103312976543
0.8209226587219706,2.679602352574196
0.8210340513670366,2.6788942492856247
0.8212605127025631,2.677448333459041
0.8215257270458801,2.675744171153076
0.8216428169558031,2.67498808238738
0.8220272520054649,2.6724896395374578
0.8246058228019941,2.655094572146963
0.8247230038942116,2.654277642909655
0.8251441326302899,2.651322712751285
0.8277734940907084,2.632197940205726
0.8278044505352847,2.6319658219390534
0.8280035317479971,2.6304691887326817
0.8282320782543717,2.628742764237503
0.8283129943638502,2.6281294071103263
0.8295572385608814,2.618557887180191
0.8296523906753005,2.617815085548896
0.8298220351461686,2.6164869394170593
0.8298512808286929,2.61625747995396
0.8301323023998606,2.6140451811301375
0.8309541750454267,2.6074978608772166
0.8314278743902336,2.603671836102387
0.8325491737415138,2.594462295527748
0.8327897057813619,2.5924586947285704
0.8335278414817711,2.586248177487057
0.8337517787070713,2.5843455281528898
0.8341803272687466,2.5806804097326563
0.8349371579770105,2.574130557323737
0.8351603343987212,2.572180296366719
0.83562176161823,2.568120836140379
0.8361897701747669,2.5630733129853063
0.8362638736273654,2.562410699689964
0.8364339325614084,2.5608864951576034
0.8370210954297228,2.5555854876860886
0.8371755260623104,2.5541813697053253
0.8372818587973972,2.553212172672396
0.8373194577894136,2.552868999307266
0.8374013197348615,2.5521209840454073
0.8379349796807676,2.5472162544149612
0.8386582658156753,2.540490064909689
0.8389364131154115,2.537879321935272
0.839620528914168,2.531401045923772
0.8401337530933873,2.5264877646036563
0.8402927237484341,2.5249566118693854
0.8407797549467086,2.5202383865797318
0.8416891494477992,2.5113181644151217
0.8417603800799577,2.5106133978973824
0.8422551144076719,2.5056940898726388
0.842255388272701,2.505691354958825
0.8424874238180368,2.5033694792876915
0.8439436944483535,2.488583411675785
0.8442210153786717,2.485725839165219
0.8446430663960774,2.481351246742899
0.8448700009580566,2.4789862314492725
0.84503501248941,2.4772609209593943
0.8450823050666478,2.476765569964039
0.8457944903007099,2.4692589163437404
0.8471108209452944,2.455151842418487
0.8474807323759855,2.4511331859963565
0.848195575275278,2.4432997140366655
0.8498615186502342,2.4246983920467713
0.8498805367429326,2.4244832529852367
0.8505432991363164,2.4169465348521157
0.850745565496197,2.4146312020884837
0.8509232146174198,2.4125917896726015
0.8510144421168566,2.4115423638572877
0.8511055046431022,2.4104933918315705
0.8524314158919661,2.395056520079606
0.852907614562032,2.389437813190851
0.8534027847155199,2.3835534879372258
0.8535414767172016,2.3818977179545624
0.8538706986005695,2.377953944812213
0.8551812579619263,2.3620683006800554
0.855335779094634,2.3601756924434225
0.8555315477558391,2.357771938329208
0.8557340160388276,2.355278943666339
0.856043533882759,2.3514541351588796
0.8572259717742245,2.336689885923572
0.8573829444443142,2.334711724534001
0.8576690062833359,2.331095854587722
0.8579234258959643,2.3278680900629127
0.8584199992521231,2.3215360399520626
0.858551355064135,2.3198539543823395
0.8589218743082428,2.3150932428954683
0.8592750108265879,2.310533899896912
0.8597009744364781,2.305005770376412
0.860058835910928,2.300337385269304
0.860380891203749,2.296117318475877
0.8607411662958786,2.291375370273159
0.8609431314615148,2.2887073770011117
0.8627967217478865,2.2638956032701745
0.8634366418527634,2.2551937946366887
0.8634951649081936,2.2543945082110985
0.8635506198087103,2.2536365887794307
0.8640773090215497,2.2464121446870258
0.8643489247766867,2.2426680875283016
0.8651949508332532,2.230926129308154
0.8654953536480705,2.226727762013306
0.8659055351504688,2.220970578746958
0.8659709528657398,2.220049775227694
0.8666232642152958,2.2108286309308984
0.8670476870649512,2.2047905720307885
0.8680565565797683,2.190316812291964
0.8688144562020483,2.17933184950594
0.8692931888597637,2.1723438836708544
0.8699897259756438,2.162108796530263
0.8703474592782044,2.1568209848933986
0.8724599662928567,2.1251658987968955
0.8768293766845779,2.057393166035679
0.8773957464122334,2.0483848571733936
0.8779602636460816,2.039355631399163
0.8785860690664525,2.0292876017932175
0.8786559780223616,2.0281590898617927
0.8790704014638866,2.0214535489204453
0.8797177247562843,2.0109260966786504
0.8801644154055508,2.0036236648053856
0.8813179820065966,1.9846231624190678
0.8818911157029453,1.975107298062496
0.8819505268135478,1.9741180223577466
0.882340100377883,1.9676178240923792
0.882526786891045,1.96449473656884
0.8826647689798827,1.9621830437614274
0.8828547240555132,1.958995920216931
0.883738768805927,1.9440918355930839
0.8841439621684202,1.9372216491720573
0.8849075333194427,1.9242088187814819
0.8854384770929371,1.9151097378753428
0.8854563168219511,1.9148032896684333
0.8858847801095053,1.9074292223423914
0.8865589423650221,1.8957724028181753
0.8879189386997298,1.8720573345980902
0.8891277581724774,1.8507572855116177
0.8891342567469701,1.8506422207396274
0.8894696014632965,1.8446965332509269
0.8899178824870208,1.836723981012714
0.8900839921123956,1.833762681766602
0.8905456198763921,1.8255130466569718
0.8905884576066838,1.8247460157216224
0.8906990019364182,1.8227654998017424
0.8916708373665004,1.8052822025333244
0.8919342079319644,1.8005220918030411
0.8920075179717531,1.7991954352474615
0.8923917343721985,1.7922306436544706
0.892392508399437,1.7922165926822895
0.8924659808124453,1.7908824778294847
0.8933411250791209,1.7749363219071612
0.8934164425252388,1.7735592105507354
0.8935637963250121,1.7708628201160457
0.8940886087499842,1.7612362844906073
0.8946170385923498,1.7515071510274214
0.8952626327420093,1.7395719679735424
0.8958661066823046,1.7283673398386907
0.8961000993456578,1.7240104236307547
0.8970463635933603,1.7063211690357996
0.8973160903890237,1.7012586055438625
0.8987579899489088,1.674044733958833
0.8989085966444399,1.6711877915464532
0.9002461802189659,1.6456969241670976
0.900520507424551,1.640443189138713
0.9027031583921985,1.59833880274073
0.9036971168851528,1.5789909699342664
0.904153629733299,1.5700693932022896
0.9043654326519339,1.5659227072012514
0.90568441520064,1.5399953393503651
0.9057966159007078,1.5377816357202254
0.9060526460988741,1.53272548296879
0.907028777792402,1.5133892543888932
0.9078032842262074,1.497981552156093
0.9078941351284985,1.4961704816338173
0.908899599413764,1.4760759350765893
0.9094214105991788,1.4656111216702976
0.9101847423545246,1.4502592831172008
0.9104861756193912,1.4441830610890185
0.9107317680568617,1.4392267416642421
0.91157463966468,1.4221783239156462
0.9116374858371245,1.420904817679497
0.9121165426923098,1.4111867999226757
0.9123984994533263,1.4054585466888876
0.9130764999567287,1.3916588466020587
0.9131087214541044,1.391002146211361
0.9131387365256379,1.3903903436286504
0.9140486252122998,1.371811941967933
0.9144341652743786,1.3639215901899966
0.9147454479994089,1.3575432481234766
0.9164795296196621,1.3218902341813041
0.9165057793157787,1.3213490234210734
0.9165921022800013,1.3195689280810263
0.9173543395455604,1.3038305466478721
0.9175240345313538,1.3003219600282303
0.9197224090395342,1.2547220252820566
0.9202138260369532,1.2444941305417545
0.9208713036550122,1.2307919834367516
0.9216549332575724,1.2144353958644736
0.9218420911736309,1.2105250088258248
0.9223038001099079,1.2008722255100563
0.9231367841326934,1.1834367043882372
0.9235839644241045,1.1740664002613148
0.9240368494428715,1.164569838024527
0.9243156730762139,1.1587199974391098
0.9244617185482407,1.1556549760319508
0.9262961828183645,1.1171078801182341
0.9264109561079029,1.1146936220738628
0.9271923568494926,1.0982503897269527
0.9276542966628346,1.0885250126303472
0.9277801789110779,1.0858742559023904
0.9279305655657036,1.08270723612866
0.9284970556617382,1.0707751353946569
0.928500659189486,1.0706992232342358
0.9288698092449437,1.0629221040609276
0.9298251445470632,1.0427915731586035
0.9300078368450363,1.038941573460126
0.9313737236790315,1.0101582822035466
0.931748799706798,1.0022557443434235
0.9320949948355736,0.9949627217571497
0.9333530028088668,0.9684731730836493
0.934104413544987,0.9526631635320386
0.9351772422007691,0.9301120120013431
0.935762519522493,0.9178223201179704
0.9363240778990856,0.9060407152104564
0.9366283041815898,0.899662474048563
0.9370721132134626,0.8903639101309831
0.9371246455439695,0.8892637669886443
0.9371511693421053,0.8887083413187528
0.9372176946504656,0.8873153807307314
0.9379911566142496,0.8711334825779765
0.9380257980959203,0.8704093404513087
0.9389384842266888,0.8513508979176176
0.9392366984424023,0.8451326107152322
0.9406164584539235,0.8164258752762965
0.9406286986570983,0.8161717101535974
0.940658643573231,0.815549949565768
0.941178208776681,0.804770959861874
0.9428796233572178,0.7696015639819145
0.9432742080400034,0.7614757773487618
0.943417432963025,0.7585293504185754
0.9435913267722011,0.754954225261243
0.9441756321634339,0.7429596705164567
0.9443699418718537,0.7389773281338309
0.944640268807588,0.7334425153957919
0.9450501850974472,0.7250621524436855
0.9456798703584319,0.7122191200611923
0.9458897599923076,0.7079466426858991
0.9460033322185274,0.7056365839967261
0.9468385108559926,0.6886889544022443
0.9504640535474255,0.6160251866611811
0.9506798268123445,0.611752020574342
0.9515328200595942,0.5949215019250518
0.9519912850061014,0.58591767689003
0.9520230680219146,0.5852946100001423
0.9526200284442488,0.5736195176996665
0.9526776344811205,0.5724956902034051
0.9526992855877982,0.5720734313292869
0.9538529154694361,0.549678807918499
0.954249072392822,0.5420371415114106
0.9549583431680583,0.5284202971190135
0.9550867611138938,0.5259639380059676
0.9552987769589212,0.5219147159028813
0.9556118184917839,0.5159502764820414
0.9557968700329053,0.5124325346237971
0.9558032352943201,0.5123116417310588
0.9560018364406371,0.5085433100819271
0.9567419841430727,0.49456224786584657
0.957180110211685,0.48633392778159756
0.9581878417780975,0.46754734789042196
0.9588203120457319,0.45585901282377683
0.9592584779875238,0.4478093283177542
0.9603383260128163,0.4281436455765573
0.9618131616954974,0.4016989480451826
0.9620906003500231,0.39677995847406194
0.9626540940980092,0.3868452322611648
0.962669799988595,0.38656941639143105
0.9634640697277783,0.37269942138084744
0.9634712662111711,0.3725744630690232
0.9639828190564518,0.36372524536354933
0.9651295218688204,0.34413257278231324
0.9656322648768356,0.33565204000562116
0.9656408637124493,0.3355075828206141
0.9664907326571693,0.3213301391989098
0.9683419843170719,0.2911571435121495
0.9687257292233739,0.2850289940713914
0.9687566236068246,0.28453757163134313
0.9703089871798986,0.2602259780287619
0.9708163688744267,0.25244597233463884
0.9730418044719493,0.21933780041570122
0.9730631224336647,0.2190289033714482
0.9731708795135713,0.21746996494433476
0.9736844419964403,0.21009702864590143
0.9738550238470798,0.20766905366479776
0.9746220438678511,0.19688301494550217
0.9753754293861066,0.1865017757510756
0.9755096015589868,0.184675506363644
0.9781898443479843,0.1496774302516206
0.9783998214359724,0.14705879796661164
0.9786105689171486,0.14444914103707548
0.9786982286931543,0.14336917299007476
0.9789700487878783,0.140041056174327
0.9797291577860324,0.13091438460148128
0.9802696936455066,0.12456855498988
0.980846550085756,0.11793933408516487
0.9814147482452735,0.11155639594358639
0.981641562467851,0.10904967879574165
0.9819307929922809,0.10588764067030157
0.9827889765265109,0.0967361166198029
0.982809511986403,0.0965214046497443
0.9829778183632252,0.09476925442610493
0.9845666133255705,0.07890866517247816
0.986552151174199,0.06087745658209951
0.9870180951261949,0.056945227367125414
0.9880519408855823,0.048639565676747945
0.9884335933350535,0.04572205231266844
0.9888926297639895,0.04232093417224452
0.9904235670470761,0.03184835192180576
0.9913675544577312,0.026076053318854552
0.9927167441132521,0.018764266588861524
0.9928445321821371,0.018130179865867437
0.993876676393886,0.013387468168364012
0.9943586834817637,0.011406819435142108
0.9945611462103607,0.010619982023286298
0.9951124164065931,0.008614254063606268
0.9951163503707976,0.008600663937021209
0.9969780052774787,0.0033428065575831544
0.9971617285345995,0.0029530510918272536
0.998297856184927,0.0010717843186705915
0.9990375699747396,0.0003446870485286799
0.9995874649465236,6.360914235521372e-05
