0.0011533784862944874
0.0016907840994357937
0.002430436378496048
0.003616679737545647
0.003834823465869386
0.0038942957994559935
0.00440046171802988
0.005449814263350672
0.005573204077490956
0.0056806876426730435
0.0061367626872183
0.006682456955624527
0.007941229430034835
0.008241381739429787
0.008426282867797452
0.008495461294190432
0.00873233317204003
0.009635386273569857
0.009658858615264276
0.009758614580179903
0.01008708450213125
0.010615420658825703
0.010845064889880573
0.011049832466472065
0.011761480903627608
0.012870111890922242
0.012969987167945063
0.013652275261085811
0.013846267269376655
0.013847028507077086
0.013946148169674433
0.014025061806377415
0.014869995427079785
0.015015433013139123
0.015693156790246965
0.01575892626121289
0.015875969603790008
0.01613747159208001
0.017238879405963137
0.019087744319990496
0.01953209182941895
0.01980160392899888
0.019886723866914036
0.020224941257240503
0.020997530506788986
0.0216527825984828
0.02237872201261315
0.02239623734209195
0.02241199059973542
0.022442814995253357
0.02293079318167135
0.02302019069281347
0.023921732788533268
0.024367705257295813
0.025184419209409947
0.025317253724127298
0.02570055428579021
0.02630050921366134
0.02670129540209354
0.029084201859520875
0.02910731800012678
0.029499634480044223
0.02971238834626333
0.02985581594359976
0.029965521380304283
0.030576849165756537
0.030929823215416152
0.030998617300070697
0.03275666914826225
0.03284281038802972
0.03308158097721425
0.03323638934727957
0.033523498259086626
0.033990703545148326
0.03523187222616553
0.03537732283926931
0.03551668826806442
0.035729396426043
0.03592983989378595
0.03614334456564228
0.03630612480794215
0.036584631611743634
0.0366535624839357
0.03708454457899224
0.03722173940033502
0.037581384307489474
0.03975980593513517
0.040051394465301926
0.04209201653098582
0.042494794137548975
0.043208357064798086
0.04431883822792049
0.04478704383525978
0.04713290880659593
0.0478238631049519
0.048194538939875575
0.04852549621685587
0.04901271379733363
0.049195494670835394
0.05112645502291702
0.05114764254052662
0.051169220989765285
0.051412817209407824
0.051663567069745064
0.05186647391495203
0.052213830464161726
0.05258799261235558
0.05263880502420726
0.05320402633790833
0.05347865161741727
0.05387536476944821
0.053893084597538055
0.05431570429486454
0.05451960104894504
0.0545388594323003
0.05544185232219412
0.056146681766847784
0.05621665834265677
0.05630633676169383
0.05652699931604743
0.056726669580160594
0.05675477372417137
0.056956164860391456
0.057350422490972996
0.05735377913232742
0.05829353321201758
0.05976489809759733
0.06126490000289153
0.06141013855427868
0.061470076523253314
0.06190488859667542
0.06193740639692791
0.06196881674060495
0.06249161401802705
0.06259816486005154
0.06312907709321514
0.06334600815771507
0.06503201720156171
0.0657047747062528
0.06624241971498035
0.06642805764345472
0.06683482276535235
0.06753322320647648
0.06817639563135847
0.0682671396072505
0.06838384857346802
0.0684882114532609
0.07080823409726944
0.0708714596386738
0.07230038629411717
0.0723792701737086
0.0728267230980173
0.07300073898367931
0.07450873160026583
0.07466977565875677
0.07574394434927245
0.076886380067261
0.07704747853826155
0.077295308376648
0.07846516525250447
0.07887574283130905
0.07896983220851095
0.07935404001434165
0.08001372930878758
0.0800866252756276
0.08027394839661084
0.08057321851793564
0.08170285995595594
0.0839761702303039
0.0844719762078262
0.0866633027268493
0.08682602921420823
0.08690402268252062
0.08764793061711107
0.08791402488324973
0.08791436401582975
0.08836086984141045
0.0887825498466196
0.08893341868401428
0.08921688516982385
0.08935948997232801
0.08990083982309405
0.09033480199763622
0.09036085637977787
0.09050947421263333
0.09078898941869773
0.09106945131794575
0.09113112407669288
0.09216245761394448
0.09348681675353676
0.09465017742752824
0.09590922152920522
0.09600407992536741
0.09626686530757089
0.09778074336657727
0.09829703149338431
0.0996420345093123
0.10084832645695485
0.10095265629370986
0.10260028147272349
0.10288218168242613
0.10438995806836693
0.10468172991153091
0.10534289289000875
0.10540458649659867
0.10604183034162773
0.10610237651281917
0.10612811691264212
0.10613807183445734
0.10635029975078625
0.10688710789646028
0.10689723608029178
0.10798187209232701
0.10912200574008535
0.10955394493524839
0.10956194514218687
0.11033917363012757
0.11036958144841014
0.11054764950882834
0.11133772528684349
0.11168640051898093
0.11212145719067612
0.11216388325577298
0.11275454418532249
0.11276818426508883
0.11299029602767285
0.11303322489837475
0.1131012641457515
0.11338228384527571
0.11339921034135503
0.11348207360895135
0.1135223312782222
0.113984386328012
0.1143404107956495
0.11441535742662634
0.11481431511171714
0.11534245054712233
0.1153676637649037
0.11538526473819821
0.11544173942581415
0.11622800260200838
0.11627339704104966
0.11684673517452637
0.11689427935727958
0.11731188298187434
0.11818722871199117
0.1197212010301707
0.11975227388168996
0.12005572262806574
0.12008225831068353
0.12035356638081562
0.12063639066136211
0.1218483701859836
0.12211094628436425
0.12232175218239782
0.12234908794848864
0.12349202794873848
0.12353663511970447
0.12354651082045642
0.1238538480787219
0.1239296614146338
0.12475405623833136
0.12658692881272438
0.12742088977937716
0.1274338595852068
0.12773975773668123
0.12787029372258274
0.12801552564086172
0.12835015196184274
0.1283623758167748
0.1294892671079969
0.13124873905734036
0.132057576927599
0.13265327019896
0.13270377725202154
0.132828996655856
0.13299230604871604
0.13305688907943858
0.1350155156489523
0.13513327633242878
0.13612643783497924
0.13711845545877088
0.13712621164302408
0.1373917568298172
0.1376529013744061
0.13774756291370127
0.13855999681044884
0.13867806204659572
0.13911355091675948
0.13938497232271785
0.1415183176205389
0.14163321132809392
0.14214806744204977
0.14261101166214574
0.14282626849353885
0.14374806194422507
0.14468443635598505
0.14480806046749806
0.14486595377689127
0.14499884442346356
0.14524037215614582
0.146156505127095
0.14642017568981913
0.14747443178252873
0.1479123996250976
0.14925376943729562
0.14951104122813208
0.15006954323888155
0.15033518416631364
0.15105748471918312
0.1514677363071295
0.1524390543337688
0.15249014874604583
0.152627453285465
0.153066745548337
0.1534567900806486
0.1535727173402226
0.1546637264736953
0.1548486185501995
0.1551281000496576
0.15527602098193793
0.15593176344034665
0.15625015666281883
0.15644800268556602
0.1569844145788234
0.15699648072161754
0.1581120897635765
0.1583638797496114
0.15845896350603283
0.15848631476834307
0.15859874985120337
0.15902602509304975
0.1595382137452298
0.15995655689537924
0.16088670336291655
0.16182102710108748
0.16254726563922706
0.16289367881790007
0.1636794175325652
0.16389946486708518
0.16452517164740676
0.16457725975810955
0.16503495044899708
0.16527010203442327
0.16599306917427692
0.16620355903257422
0.16637502808715676
0.16666275008946152
0.1670875552949378
0.168496769218917
0.16873416839922617
0.1687924028642438
0.16887982117051714
0.1690490059742069
0.16922011328825937
0.16932274298625916
0.16985731496372247
0.17018112707423505
0.17035173492023026
0.17063105951311885
0.1710543355866322
0.17115937424515104
0.17141500253122688
0.1716432052133553
0.17192818113801955
0.1726846736027885
0.17274803112299986
0.17303729928904077
0.17308469911645863
0.17423028298115473
0.17449332817219987
0.1772087541868751
0.17730319990618482
0.17731278493320202
0.17754135842362906
0.17768881232332312
0.1782990382641335
0.17882867255070334
0.1791880460524531
0.17924973994062898
0.1800848107674744
0.18169964091382407
0.18400995917488716
0.18503378154898065
0.18507005469093118
0.18547954340490858
0.18580285190287749
0.18598162327562429
0.18609499879107871
0.18656055181987796
0.18702937311137657
0.18713389323106755
0.1873626800710122
0.18883433275747508
0.1900744161721274
0.19015895539456318
0.19080981133065777
0.1910352267269706
0.19111139491296725
0.19145583287793078
0.1920044374296931
0.19214673650781888
0.19287183349845616
0.19306156481110437
0.19333300433927347
0.19447516457771963
0.19539590150050756
0.19566680983694706
0.1977538554292919
0.19778966042430446
0.19828461319181134
0.19857289189324923
0.19857964546686624
0.19932378049492339
0.20005427746783422
0.20106925681419552
0.20264773600610209
0.20271203965552587
0.2029089713251211
0.2029794660100367
0.2033504670064893
0.20426765345105258
0.2048065880991229
0.20539212962779063
0.2058261084625893
0.20589552721752802
0.20651161318192068
0.20697877162292866
0.20762729064208796
0.20792815010199028
0.208614228775318
0.20966734878742332
0.21022605150431606
0.21025408236802023
0.21054091863283653
0.21065892457614077
0.2113758023118134
0.21148462376513943
0.21213701503518367
0.21340112199337413
0.21379012413771425
0.21512620175969177
0.21581590354889757
0.2160713963345987
0.21614592171336022
0.21726193497742374
0.21803858889896965
0.21830975799000285
0.21843132091102635
0.21863009823189705
0.2201610248385577
0.22088866652122285
0.22098008993837726
0.2217247090913106
0.2226889108757938
0.22271768777840317
0.22327362773088766
0.22378935702460723
0.22399586331276233
0.22449466125038653
0.22483164531370303
0.22506819992269012
0.22509716833508908
0.22557158981573078
0.22695781839058637
0.22820011196208723
0.22832822907407868
0.22867666403453712
0.22920754702942836
0.23055552660047351
0.23062935156161013
0.23117973597695674
0.2312278095622472
0.23144433430457156
0.232517208343901
0.2329292476418604
0.2332004847231245
0.23352097257976578
0.23359364879295896
0.2337640896658011
0.23411779545550648
0.23489896408739497
0.235407087339921
0.23560048961897517
0.2356324098525565
0.23647321613019512
0.23949838872757134
0.23989745323276013
0.24001241213869007
0.24180495388486378
0.2426542210420638
0.24338196509840127
0.24484145940126256
0.24484422944261175
0.2461149992277193
0.24684854289199964
0.24691553738717165
0.24876279064327123
0.24907697753720637
0.24908042545613973
0.2490861482751301
0.24911172327331343
0.2505378238522219
0.2508272994491023
0.2509473662902726
0.2526329499074679
0.2546923508567457
0.2560154236674239
0.2563894679919052
0.25651876060260925
0.257645434998624
0.2583253100188644
0.2590107182817506
0.2590307414509857
0.2592906043525014
0.2600897456166239
0.26146354941044014
0.2627256350717785
0.2631399440395794
0.26340586663658294
0.26341875257912883
0.26446359184277624
0.2645983759851309
0.26544196769560313
0.26697214816711456
0.2671257225879229
0.26736677111188956
0.2680083145539206
0.26823784011652174
0.2685953096629736
0.2686767393708914
0.2695214752391888
0.270113802212985
0.27018434421410975
0.2701980256959071
0.27062905294032413
0.2706880281498467
0.2707705541475769
0.2709019958200839
0.27224860145218155
0.27237067942273674
0.2733885752680987
0.27417785030721675
0.27439012057567713
0.2745905698208725
0.2752153618040869
0.27529558987232217
0.275457823716706
0.2760910779353367
0.27632662172164
0.27668418058756883
0.2770260025441843
0.27718454910523926
0.2772194061277793
0.2775741660756399
0.27778664557084587
0.2780599313432629
0.2782145040830546
0.2786134175330137
0.2788349391468504
0.27940259731911676
0.27944813464322626
0.27952018892646313
0.27979050905940295
0.2801421822599046
0.28050093477192284
0.2808911035094237
0.2813128365357601
0.2822421322771784
0.28389654328111136
0.2845744648877132
0.28468463380428455
0.28597504879543256
0.2864090138125872
0.28667491290155345
0.28695022724292696
0.2872205374832967
0.2877455423804174
0.2894276980162336
0.29087109496573815
0.2916728089486995
0.29179447836701444
0.2939142521212915
0.294561918468489
0.29618788332609336
0.29652546937142965
0.29675024822053864
0.2972469476343925
0.2972861668042063
0.29744350873049197
0.2978407931283692
0.29799095971048206
0.29946664435441717
0.3001728833973123
0.30075064524767914
0.3011584260067065
0.30158528544947805
0.30172717412988603
0.30179225108722807
0.3027775889243627
0.30284948743587614
0.30307721101284024
0.304387308440921
0.3047650835997282
0.305208887145207
0.3055281135039156
0.30628404189620184
0.30653464725900026
0.30844328066699045
0.30938585731203394
0.30971412641327767
0.3097922160608967
0.3101117141707175
0.31021633687356875
0.3110376290653316
0.3133338576276208
0.31354613482861615
0.3149880670896815
0.31533078405749426
0.31585832167286065
0.31752051473127363
0.3179154079019356
0.31841748445483
0.3184998275361648
0.31906891955036654
0.31910786795248547
0.31912963827129615
0.31940187373807283
0.3205372369786824
0.3208165008817886
0.32134934349582234
0.32141065695437776
0.32186824580075657
0.324638296478578
0.3248957679567325
0.3251828060509271
0.3252891117590836
0.3257745393044277
0.3259708793264252
0.3262028636215255
0.3263107291048999
0.32641717928174174
0.32669777496988306
0.32673136686091453
0.327221937639231
0.3278959575287539
0.32861820104078454
0.32944999186103296
0.32951724942428195
0.32957589003133503
0.32991273877218175
0.3303244964480688
0.330687462340995
0.33074360280448123
0.331283350415866
0.33133552317221193
0.3314464092465871
0.33164414425008837
0.33216917348175
0.33357293682794453
0.3337279766418415
0.333740627278858
0.3350862170164731
0.33761472387838276
0.3377419889536669
0.3377579262744401
0.33794913611905397
0.3393437742709686
0.3395984072856091
0.34025117976074293
0.34047779245856014
0.34096451744595646
0.34156929533203706
0.3423210464892714
0.34250073616928545
0.3425983784250036
0.3430707920699757
0.3432192204598201
0.34407100579911765
0.34491222382564624
0.34622744186878907
0.346316699303033
0.34649459662210425
0.34726300747314587
0.3480589851469563
0.3488498992993583
0.3495141859471105
0.3496341766041605
0.3500459078596386
0.350308539542746
0.3514921903526361
0.3514955871430431
0.3516770695404793
0.35171769302655254
0.3518736999911508
0.3522085743017245
0.3525420915418306
0.35267528944993387
0.3528159557320921
0.35315653672897307
0.35339702717774324
0.3547182258588759
0.3554148455360442
0.3557907747460445
0.3561575779950892
0.3563169959895932
0.3571425061701702
0.3575504480324635
0.357720685690073
0.35845943505739575
0.35864773825910123
0.35950643596280407
0.3599177747132076
0.36021022101793654
0.36179844239271486
0.36291968628562854
0.3631860113353911
0.3635600281700385
0.36387182524511874
0.36448153205158906
0.36520146097251627
0.3652304050901358
0.36579201299145203
0.3658402065281089
0.36689729122871295
0.3674120039175467
0.3680325898719866
0.36883653674132544
0.36915407618053087
0.36968064621177177
0.3700804690601941
0.3704956069252844
0.37253173676494644
0.3736276675262973
0.3736528410105108
0.37540697084783914
0.3760274107677687
0.3762130047207808
0.37633587114961475
0.3767033070004945
0.377116609423758
0.37742812732066244
0.37828764323619746
0.3786204893383627
0.37915393083928783
0.3791760824129514
0.37997680063937533
0.38009547825332546
0.3801094837735536
0.380157717964129
0.380218783562955
0.3807227457418747
0.3808307256726967
0.38109334429892505
0.38125629469105027
0.3812603336581687
0.3812862324406747
0.38175853631296
0.38185900103092607
0.38270739246526586
0.3843967826010285
0.3844485696760829
0.3845911943926644
0.38536920467606617
0.3857089535461946
0.3870288348712645
0.38716127651647625
0.3872590759518969
0.38836734985459254
0.38885995707190335
0.3894863097377732
0.3902510511549875
0.39050397235749434
0.39058382348774123
0.39059952343132
0.39160861594109964
0.3918275725812177
0.39191652653424514
0.392176926308338
0.3921876323573771
0.3924305325523545
0.39247962121600033
0.3925003032030182
0.39267584506247255
0.3929084827913447
0.39332084296376457
0.3935369542649294
0.39404068562684225
0.39425749009139943
0.3943826260016964
0.39470170775421864
0.39471064551841906
0.3947684431953655
0.3949724610658515
0.39535092126095706
0.39549426471218196
0.39612715917899277
0.39659082791780687
0.39661847931176886
0.3968782694663824
0.3969651252065479
0.39824395381646216
0.39832089215906763
0.39858468635253774
0.3987125351380413
0.3996018553123959
0.40083302451609915
0.4009334507406659
0.4013901218680552
0.4016532525724156
0.40190434543019093
0.40311748892119936
0.4044140996336013
0.4045086959301294
0.405399604625693
0.40559583831200474
0.405735015093292
0.4057626698890605
0.4072825515462166
0.40730112904552274
0.4080648031521793
0.40826898300599224
0.408397927676323
0.4086824166378783
0.40906065554382043
0.4093490133609131
0.40997522771659534
0.41065370249324773
0.41087553392004417
0.41243083993688123
0.4135698400751294
0.41418619945103297
0.4143525321767664
0.4147078389613936
0.4149839902950476
0.4166672081652879
0.416761051051886
0.41766059868169836
0.4194808889062579
0.41961143814148605
0.4198710051881289
0.4205005658808738
0.4208467739633156
0.4213883815704075
0.42195427988027523
0.42199676915592854
0.4229861897684756
0.42389753794501295
0.42424140057526327
0.42441257371317775
0.4246225040135968
0.4246721461214875
0.4248130336219521
0.4250817407083125
0.4253507961900562
0.42617707778949987
0.42657671935378605
0.4271431096298497
0.4276334962758871
0.42788390549979183
0.4287493961908725
0.4290657014397776
0.4291647477318544
0.430014123514209
0.430227778137251
0.4306706238559076
0.43069512135504384
0.43072034207241927
0.4309914097744012
0.43165261232620167
0.4317682423052328
0.4324448850236883
0.43247156724337044
0.4325297499889377
0.43314016106389375
0.4337849126681722
0.4339335034967883
0.43405595314820244
0.4345550562840482
0.4361743589191752
0.43675929879590747
0.4370565299545466
0.43713300641052943
0.4379498036612305
0.4380589276433874
0.4381445614292607
0.43816756212600527
0.43862261099185773
0.4391088408010947
0.43917374673023113
0.43930154134298616
0.44115436123425733
0.44159940808907316
0.4420111181520858
0.442279485811233
0.4426381130509577
0.44358667015585296
0.4443653408675128
0.44439834328013206
0.4445941946368217
0.44460524594739637
0.44487042412191335
0.4453651335722628
0.4453799737602282
0.445415536188429
0.4456419597162984
0.44611885810987617
0.44728493224152455
0.44770564794361556
0.44799906589766725
0.4485135530362053
0.44864834980852153
0.44892661452354543
0.4489940245616645
0.45004458548581483
0.4508447285471856
0.4509403931286988
0.4518373895784046
0.45186710510593475
0.45240860012834194
0.45295265569659937
0.4540252149862507
0.45423516724394164
0.45502641911608344
0.45504646638709
0.45612177312203717
0.45620090944028957
0.4563481160571733
0.4565942645284623
0.4573552211096761
0.4581696531936519
0.45828666284119224
0.45833040064254615
0.45962102536393845
0.4599857784296847
0.46087747144443725
0.46162898712081646
0.4622569535961213
0.46267999997009
0.4629762146766585
0.4631402325084564
0.4636730758708847
0.46369577023652486
0.4636958974028227
0.46394373193316496
0.4642609795078083
0.4645420494359457
0.46557762132202596
0.46622444231531057
0.466415658361671
0.4667296190362954
0.4669025886661351
0.46740586797226014
0.46761616534118433
0.46798657925120435
0.4683230796743062
0.46835423522137687
0.46894183227442254
0.46953566068205244
0.46986786477240683
0.47001356128031213
0.4700328993372668
0.47050842301696505
0.4705903914154288
0.4711335298850077
0.4713995154440731
0.47159245742719647
0.47211479492223385
0.4729142813506365
0.4729509056654039
0.4740222616574393
0.47417090728472544
0.47423532684651226
0.47530860335884617
0.4753887338217705
0.47547781655290067
0.47586088614045674
0.4763878473368923
0.47666828683266993
0.47777710798580975
0.47814924802821723
0.47826189886358705
0.4788661546002645
0.480141138889711
0.4801900298671614
0.4818843592994092
0.48238946102733593
0.48242725702424494
0.48274864286918684
0.482866640014627
0.48298735392626924
0.4836140565420266
0.48466902357668895
0.4847360928098031
0.4848871816218958
0.4850056263508924
0.4866202833999276
0.4874772417651756
0.48760024266167934
0.48817693441261756
0.48892567361191663
0.4890709423753278
0.49009842527727954
0.49065466883095465
0.49070050069532933
0.49209025330618783
0.4921204403636569
0.49223139059330134
0.49259282476073485
0.4929688979906939
0.4936598612527092
0.4938322248968008
0.4941087515461733
0.49437529952904713
0.49682017873894535
0.49764448333238875
0.49856348993814026
0.49931218171877045
0.49946129603258627
0.4999714567095799
0.5000550121525752
0.5003405094473841
0.5014880133926436
0.5016722891145524
0.5016744577298416
0.5021803747403668
0.5027703080200248
0.5030219415737252
0.5036646849037227
0.5044339537443443
0.50450904213605
0.5048467606941227
0.5053368644155052
0.5054488515538581
0.5055751102643424
0.5059423523066822
0.5071791017961294
0.5072162822774041
0.5097156112393953
0.5098574747861602
0.5105180203680524
0.5110069832713944
0.511582757073579
0.5117899222331932
0.5122096490623647
0.5122149455994017
0.5134012481798639
0.5134199040393445
0.5137479978174743
0.5142508193026497
0.5147656420832067
0.5154914633700944
0.5159604197419908
0.5162036722867345
0.5176055780824996
0.5176541013536212
0.518212421279312
0.5192123314946908
0.5193030729058715
0.519716161283512
0.5202527103214519
0.5207480414997486
0.5224250069696283
0.5230058486568341
0.5237038692734476
0.5239469932430997
0.5240860583882265
0.5248543226493353
0.5253544554525537
0.5260949085590781
0.5269904803792025
0.5274177604814271
0.5275896240937697
0.5276634209774759
0.5288474925839041
0.5290318083091157
0.5291885450504796
0.5301689665617647
0.5302760939595925
0.5307158602816774
0.5314471988425025
0.5318483919009794
0.5318880061299
0.5319611146191269
0.5321107512613594
0.5324777471472564
0.5326809116648685
0.5328782381649118
0.5331148421281168
0.5355714858957743
0.5356208757270701
0.5357618862093604
0.5358754519000921
0.5370998332544544
0.5374233603837427
0.5381768161701825
0.5390451773498435
0.5393367367551597
0.5399031283864999
0.5401099993691061
0.5403004420455805
0.540348101752918
0.5405182699707184
0.5406363256892867
0.5408137638133836
0.5421138401478289
0.5427037948258782
0.5440383317860921
0.5451033771756881
0.54535080915349
0.5459042887516994
0.5472254059013074
0.5492486950540415
0.5494827735079838
0.5496563699700456
0.550038408984264
0.5506187040833103
0.5517563943018388
0.5523948917172062
0.5525738952099322
0.5531669602925052
0.5535014741962814
0.554054096681983
0.5542608211772495
0.5550245144510859
0.5552947059201575
0.5558520417362903
0.5558738047028181
0.5564606784964273
0.5570481570471288
0.5572830255050476
0.5575951775368607
0.5578107928963121
0.5592957643272032
0.5616036113066755
0.5628779981897387
0.563038147432551
0.5636534024814852
0.5637627492963371
0.5637751531381798
0.5644531212858797
0.5646461841610947
0.5651855651400551
0.5668373957498712
0.566850254701786
0.5673951409585503
0.5680567629585043
0.5685631766691904
0.5690802863678088
0.5695790488070451
0.5698463020875718
0.5711331151590826
0.5714874340335112
0.5720551720511987
0.5730438229590689
0.573524513614692
0.5735839920023984
0.574115613368351
0.5741505991394293
0.5744653717301537
0.5744727303057865
0.5756694736372497
0.5761796428978155
0.5767271001183221
0.5772574769012401
0.5779884510762605
0.5782611495936724
0.579141375579467
0.5802183614938405
0.580524104046404
0.5812059268361169
0.5812709981905789
0.5822420213136735
0.5831070219516831
0.5838634646999215
0.5841196401109111
0.5847839751131397
0.585031475004471
0.5853566471620094
0.5868439029914677
0.5874902607584335
0.5878536186842285
0.5880555192518421
0.5881416288072036
0.5887082038582855
0.5888987698246005
0.5891460002184529
0.5902513825199018
0.590267191075062
0.5909373458928854
0.5918669471259621
0.5921037903055683
0.592629593964764
0.5934295267339201
0.5936457946972877
0.5938948668966522
0.5944380002407232
0.5948471884086467
0.5949980912565176
0.5954836635918271
0.5955528848684238
0.5960372789770929
0.596049042597131
0.5960848693476485
0.5964717303395026
0.5969500054868794
0.5975154859982165
0.5977268663712668
0.5978529670287686
0.5986345589011127
0.5987536285067618
0.5995002231229581
0.6012909222666432
0.6013802164914089
0.6032080318734695
0.6040174990134718
0.6044408854126296
0.6053362362726799
0.6053638325946304
0.6056800494088939
0.6057247099199539
0.6061683599960399
0.6067871235461788
0.6069288781269085
0.607488993544946
0.607587307399815
0.6075976879161256
0.6077139640189262
0.6077291464358545
0.607905618035171
0.6080913314402824
0.6090690831348113
0.6091968877037968
0.6092877395387073
0.6096108162873024
0.6098456258437908
0.610401523711719
0.6112523813569248
0.6134658551436474
0.6145535306779273
0.6148503330881079
0.614898250035273
0.6152448260040474
0.6152487274232286
0.6160750011555963
0.6162376385743765
0.6166014584016191
0.616730078285661
0.6171810890661654
0.6172232932691872
0.6172931359108966
0.6175392605896562
0.618888539971725
0.6189948356762726
0.6202719783643205
0.6203334697214025
0.6204212991346968
0.6206207456619646
0.6215473359701148
0.6228646933367571
0.6228811836365801
0.6245430803313485
0.6251152623566618
0.6257574672779537
0.6259895146113423
0.6271910882386539
0.6274133086494393
0.6275269818416648
0.6276098416702843
0.6277199797677783
0.6278654721016096
0.6285232144941097
0.6288625883745089
0.6290015657371927
0.6315635180301556
0.6317230151387203
0.6324680111978896
0.6326091066794498
0.6328149109381865
0.6331845894666823
0.6332103576720653
0.6337621109407109
0.633928175765887
0.63414547964511
0.634532385985828
0.6350152799500159
0.6360140164073554
0.6360919949388165
0.6367308185477125
0.6369159673669735
0.6371955189042456
0.6374995149308477
0.6379801335607753
0.6385718332388038
0.6386747038412508
0.6392779877217702
0.6395766808862828
0.6396860892685939
0.6398485614902314
0.6401214657707205
0.6404564273809893
0.6410508038167576
0.6412275416812484
0.6415247015189978
0.6420319566592065
0.6421098626503436
0.6421810523051481
0.6425902060378388
0.6426610394516351
0.6428051050179325
0.6437100405060212
0.6437347387032067
0.6437975886530742
0.6446811885403081
0.6447362938203969
0.6456906566547765
0.6466648548065264
0.6475005883759863
0.6487293645828158
0.6488991021098821
0.6491839992342048
0.6491954486467609
0.6493512660360841
0.6497928324239636
0.6498385754403148
0.6503688115779709
0.6503694177769889
0.6505569268245789
0.6509002571263485
0.6514102508195132
0.6516437452737629
0.6552281101432335
0.6565029184335421
0.6571968115513743
0.6581207289691224
0.6581558340185153
0.6582480930951894
0.6583768956856689
0.6585064729145295
0.6587665590439407
0.6593540071059589
0.6594304491133157
0.6601840537667341
0.6606759719567725
0.6609909043589052
0.6610773310130535
0.6613918584198714
0.6618473668120829
0.6622627989154535
0.6641296156038339
0.6641327784531541
0.6647813467688234
0.6657791562698928
0.667749016158197
0.6679009419494389
0.668024291540906
0.668264930266053
0.6687357695015312
0.6692019197552208
0.6692918354796303
0.6694968825096659
0.669530647938803
0.6700474509171678
0.6705412499715395
0.671028177100493
0.672006479761039
0.6723341783379831
0.6728941299009851
0.6733482444396348
0.6736020334661954
0.673669789178939
0.6741699222241468
0.6745617773356605
0.6749363181139503
0.6751875924498407
0.6761864700638824
0.6762033287058739
0.6762115547986135
0.6771130149572323
0.6773917010318865
0.677660979996227
0.6776758617740134
0.6777415688484401
0.678051639290328
0.6790366530475253
0.6793268144761462
0.6796513430525096
0.6800856305372927
0.6804141232455968
0.6814423008562291
0.6832480253644269
0.6834721219599712
0.6841652639700118
0.6846814321799948
0.6849088274448539
0.6851947373303702
0.6859914174151128
0.6862748138234739
0.6865295968174435
0.6867204015106104
0.6870456143690681
0.6878052440311638
0.6878183432694243
0.6884509381857694
0.6884937780655915
0.689038189060778
0.6902597372363247
0.6903978601781321
0.6907149307150522
0.691018066194174
0.6917058966975591
0.692045327915043
0.6925787490633556
0.6926012585740261
0.6927234210704254
0.6930364164853078
0.6931660648890485
0.6937088171590695
0.6939164241170033
0.6940696201213793
0.6959414076534943
0.6961766432576417
0.6966154137263415
0.6966285196976165
0.6967273803013698
0.696859425755135
0.6969400061834665
0.6972012082863636
0.6977464367142487
0.6993969112513592
0.6994999593824042
0.6998187554396867
0.699842721720336
0.7009312107473438
0.7011021442751555
0.7016301562969202
0.7017303711744192
0.7019948022763349
0.7026843467194579
0.7029422777337477
0.703222955309077
0.7037750156773649
0.7044304322841861
0.7052153348071567
0.7062581182178709
0.7064295478410099
0.7066046862946247
0.707067652839483
0.7082369264269415
0.7083121162016126
0.7090595447682883
0.7096911177285158
0.7102226041659934
0.7103892068330192
0.7104774335622562
0.7108423569937328
0.7123328187863337
0.71254505634666
0.7138872955777642
0.7139437235129967
0.7146675881718865
0.7154421510467646
0.7155827932599491
0.7156791691866832
0.7165642642360982
0.7169612309459971
0.7176298432341934
0.7179140249212126
0.7180163632014369
0.718447329096466
0.7197820699130482
0.720906906194311
0.72113444090507
0.7221614395216563
0.7226682242965902
0.723164161164954
0.7238953196522561
0.724074008115827
0.7252671469399484
0.7253055619746231
0.7256852286019131
0.7256880959525964
0.7257428401815482
0.7260575461087646
0.7266218651819971
0.7267358566141239
0.7268526898632591
0.7273546754814292
0.7277147074422657
0.7288351088420186
0.7292024893127405
0.7294402084048999
0.7297863655373239
0.7300352521222137
0.7307449029342858
0.730827062646277
0.732453120766109
0.7324813612130697
0.7334042333385697
0.7336233408593826
0.7337192543583447
0.734784997907875
0.7351988022454176
0.7352973822387999
0.7358578838130396
0.7363938679765986
0.7369652513912509
0.7370815222821487
0.7371792652208877
0.7373088224836883
0.7374645952222857
0.7377197541689798
0.7378494394993732
0.7379196748753951
0.7381026266426615
0.7385663113072836
0.7394588669391227
0.7395739240036392
0.7407089759463894
0.7411970988064475
0.7414764342739999
0.7433745994060947
0.7436208724832422
0.7439232364893588
0.7449525044315105
0.7454524966786068
0.7462692979148575
0.7464139873567328
0.746453904921411
0.7465031752179291
0.7468621595791151
0.7474926275040283
0.7479889362468198
0.748422396271026
0.748594037123134
0.7491125077115417
0.7494947695473722
0.7495495504786858
0.7503020388357068
0.750335582874979
0.7510852103269869
0.7514111589527774
0.751823342452874
0.7525410629678336
0.7530177148882062
0.7539108618899275
0.7547376533890829
0.7551066848712144
0.7551828938189666
0.7560245216266345
0.7561611419139357
0.7563653060375752
0.7570284708412982
0.7583594451698961
0.7591968054304806
0.7599263852890241
0.76047984044803
0.7605715782854593
0.7608508814530942
0.7614210619401137
0.7618807088577639
0.7620747721982267
0.7628282202246485
0.763182211191096
0.7635037643815422
0.763669900075681
0.7646398855160462
0.7649180594624424
0.7656087438877542
0.766038735821885
0.7678122039761733
0.7683109267379377
0.7684368323128195
0.7685499727981597
0.7686229788540465
0.7701698862662614
0.7702170432133121
0.7705149853509436
0.7712658921576926
0.7713022200251268
0.7714866289888216
0.7720236859842582
0.773359998323699
0.7733630223216953
0.7733733577506963
0.7740574110969611
0.7741030834620233
0.7742792865868506
0.7744691205222635
0.775550295076482
0.7756240339903606
0.776177325243136
0.7761850817499748
0.7766964134714197
0.7786495153673819
0.7790144751745437
0.7798713930762856
0.7805791004102299
0.7827524929784242
0.7839159114792111
0.7843040838630938
0.784863177604259
0.7851978656002122
0.7856655992785928
0.7859811860138598
0.7869324037730167
0.7873549151565786
0.7878482097522087
0.7887705981161985
0.7893328218682569
0.7900246410699757
0.7901884511693634
0.7914100222788573
0.7915887519111248
0.7924918149427087
0.7927761771490917
0.7928696001442777
0.7930166500805531
0.7936886950873264
0.7940028992134349
0.7953038191283459
0.796298121864433
0.7964357610250045
0.7969177959670358
0.7970255424499431
0.7974544685814874
0.7977142396450632
0.7987510350311315
0.7987718601841539
0.7992418806570171
0.7994371982234996
0.8006029718136679
0.8023651775158872
0.8024510412984551
0.8025232395769224
0.8031250183659796
0.8031513911471535
0.8040899072254677
0.8041433494293093
0.8042434423200747
0.8045959147923974
0.8048254974814048
0.805355526688591
0.8055586048953074
0.8062101459864316
0.8064794884621638
0.807026194873748
0.8082780712078704
0.808422239298527
0.8095771752548716
0.809717710963531
0.8104336841603423
0.8109239734785673
0.8112480603983131
0.8116892709113385
0.8118315119247339
0.811933624181312
0.8139843921070659
0.8149914531605071
0.8152651685795588
0.8152798573164004
0.8161726358985856
0.8168232790616008
0.8170466325588241
0.8171270935576634
0.8171855790883695
0.8182544097638224
0.8182967276461952
0.8184203348770833
0.8185262598067599
0.8186875559646712
0.8189548718742087
0.818968845888091
0.8201544808255776
0.8203582535849077
0.8206854634035754
0.8209226587219706
0.8210340513670366
0.8212605127025631
0.8215257270458801
0.8216428169558031
0.8220272520054649
0.8246058228019941
0.8247230038942116
0.8251441326302899
0.8277734940907084
0.8278044505352847
0.8280035317479971
0.8282320782543717
0.8283129943638502
0.8295572385608814
0.8296523906753005
0.8298220351461686
0.8298512808286929
0.8301323023998606
0.8309541750454267
0.8314278743902336
0.8325491737415138
0.8327897057813619
0.8335278414817711
0.8337517787070713
0.8341803272687466
0.8349371579770105
0.8351603343987212
0.83562176161823
0.8361897701747669
0.8362638736273654
0.8364339325614084
0.8370210954297228
0.8371755260623104
0.8372818587973972
0.8373194577894136
0.8374013197348615
0.8379349796807676
0.8386582658156753
0.8389364131154115
0.839620528914168
0.8401337530933873
0.8402927237484341
0.8407797549467086
0.8416891494477992
0.8417603800799577
0.8422551144076719
0.842255388272701
0.8424874238180368
0.8439436944483535
0.8442210153786717
0.8446430663960774
0.8448700009580566
0.84503501248941
0.8450823050666478
0.8457944903007099
0.8471108209452944
0.8474807323759855
0.848195575275278
0.8498615186502342
0.8498805367429326
0.8505432991363164
0.850745565496197
0.8509232146174198
0.8510144421168566
0.8511055046431022
0.8524314158919661
0.852907614562032
0.8534027847155199
0.8535414767172016
0.8538706986005695
0.8551812579619263
0.855335779094634
0.8555315477558391
0.8557340160388276
0.856043533882759
0.8572259717742245
0.8573829444443142
0.8576690062833359
0.8579234258959643
0.8584199992521231
0.858551355064135
0.8589218743082428
0.8592750108265879
0.8597009744364781
0.860058835910928
0.860380891203749
0.8607411662958786
0.8609431314615148
0.8627967217478865
0.8634366418527634
0.8634951649081936
0.8635506198087103
0.8640773090215497
0.8643489247766867
0.8651949508332532
0.8654953536480705
0.8659055351504688
0.8659709528657398
0.8666232642152958
0.8670476870649512
0.8680565565797683
0.8688144562020483
0.8692931888597637
0.8699897259756438
0.8703474592782044
0.8724599662928567
0.8768293766845779
0.8773957464122334
0.8779602636460816
0.8785860690664525
0.8786559780223616
0.8790704014638866
0.8797177247562843
0.8801644154055508
0.8813179820065966
0.8818911157029453
0.8819505268135478
0.882340100377883
0.882526786891045
0.8826647689798827
0.8828547240555132
0.883738768805927
0.8841439621684202
0.8849075333194427
0.8854384770929371
0.8854563168219511
0.8858847801095053
0.8865589423650221
0.8879189386997298
0.8891277581724774
0.8891342567469701
0.8894696014632965
0.8899178824870208
0.8900839921123956
0.8905456198763921
0.8905884576066838
0.8906990019364182
0.8916708373665004
0.8919342079319644
0.8920075179717531
0.8923917343721985
0.892392508399437
0.8924659808124453
0.8933411250791209
0.8934164425252388
0.8935637963250121
0.8940886087499842
0.8946170385923498
0.8952626327420093
0.8958661066823046
0.8961000993456578
0.8970463635933603
0.8973160903890237
0.8987579899489088
0.8989085966444399
0.9002461802189659
0.900520507424551
0.9027031583921985
0.9036971168851528
0.904153629733299
0.9043654326519339
0.90568441520064
0.9057966159007078
0.9060526460988741
0.907028777792402
0.9078032842262074
0.9078941351284985
0.908899599413764
0.9094214105991788
0.9101847423545246
0.9104861756193912
0.9107317680568617
0.91157463966468
0.9116374858371245
0.9121165426923098
0.9123984994533263
0.9130764999567287
0.9131087214541044
0.9131387365256379
0.9140486252122998
0.9144341652743786
0.9147454479994089
0.9164795296196621
0.9165057793157787
0.9165921022800013
0.9173543395455604
0.9175240345313538
0.9197224090395342
0.9202138260369532
0.9208713036550122
0.9216549332575724
0.9218420911736309
0.9223038001099079
0.9231367841326934
0.9235839644241045
0.9240368494428715
0.9243156730762139
0.9244617185482407
0.9262961828183645
0.9264109561079029
0.9271923568494926
0.9276542966628346
0.9277801789110779
0.9279305655657036
0.9284970556617382
0.928500659189486
0.9288698092449437
0.9298251445470632
0.9300078368450363
0.9313737236790315
0.931748799706798
0.9320949948355736
0.9333530028088668
0.934104413544987
0.9351772422007691
0.935762519522493
0.9363240778990856
0.9366283041815898
0.9370721132134626
0.9371246455439695
0.9371511693421053
0.9372176946504656
0.9379911566142496
0.9380257980959203
0.9389384842266888
0.9392366984424023
0.9406164584539235
0.9406286986570983
0.940658643573231
0.941178208776681
0.9428796233572178
0.9432742080400034
0.943417432963025
0.9435913267722011
0.9441756321634339
0.9443699418718537
0.944640268807588
0.9450501850974472
0.9456798703584319
0.9458897599923076
0.9460033322185274
0.9468385108559926
0.9504640535474255
0.9506798268123445
0.9515328200595942
0.9519912850061014
0.9520230680219146
0.9526200284442488
0.9526776344811205
0.9526992855877982
0.9538529154694361
0.954249072392822
0.9549583431680583
0.9550867611138938
0.9552987769589212
0.9556118184917839
0.9557968700329053
0.9558032352943201
0.9560018364406371
0.9567419841430727
0.957180110211685
0.9581878417780975
0.9588203120457319
0.9592584779875238
0.9603383260128163
0.9618131616954974
0.9620906003500231
0.9626540940980092
0.962669799988595
0.9634640697277783
0.9634712662111711
0.9639828190564518
0.9651295218688204
0.9656322648768356
0.9656408637124493
0.9664907326571693
0.9683419843170719
0.9687257292233739
0.9687566236068246
0.9703089871798986
0.9708163688744267
0.9730418044719493
0.9730631224336647
0.9731708795135713
0.9736844419964403
0.9738550238470798
0.9746220438678511
0.9753754293861066
0.9755096015589868
0.9781898443479843
0.9783998214359724
0.9786105689171486
0.9786982286931543
0.9789700487878783
0.9797291577860324
0.9802696936455066
0.980846550085756
0.9814147482452735
0.981641562467851
0.9819307929922809
0.9827889765265109
0.982809511986403
0.9829778183632252
0.9845666133255705
0.986552151174199
0.9870180951261949
0.9880519408855823
0.9884335933350535
0.9888926297639895
0.9904235670470761
0.9913675544577312
0.9927167441132521
0.9928445321821371
0.993876676393886
0.9943586834817637
0.9945611462103607
0.9951124164065931
0.9951163503707976
0.9969780052774787
0.9971617285345995
0.998297856184927
0.9990375699747396
0.9995874649465236
